175,352,81,229,5,153,254,317,167,87,264,261,129,129,263,245,384,294,238,45
71,433,262,93,339,22,183,59,361,442,372,416,122,179,423,108,248,49,347,313
365,8,426,382,193,346,166,428,168,137,326,308,226,387,486,300,79,70,108,63
382,147,398,495,466,225,157,65,339,96,278,340,378,486,320,389,59,240,180,46
115,395,15,376,177,208,332,374,62,159,206,223,93,131,135,315,44,430,477,347
24,351,497,441,387,235,375,293,397,76,239,311,247,445,389,300,129,274,44,332
218,147,157,277,195,449,217,343,88,462,467,1,318,179,450,275,44,401,144,67
30,428,115,188,447,315,133,182,23,343,383,247,59,184,96,94,264,21,352,158
465,182,215,27,181,487,242,115,499,69,424,106,13,402,476,45,156,384,212,60
427,424,66,373,421,231,457,184,305,274,487,248,202,402,410,257,369,122,52,104
213,362,196,72,298,285,58,380,180,378,199,389,220,33,142,185,131,435,231,109
57,397,175,218,59,169,497,305,407,295,324,381,182,213,415,384,9,120,195,6
422,17,440,410,344,434,130,317,498,402,138,323,78,85,30,195,260,350,425,84
404,414,382,143,237,227,163,188,236,38,374,399,277,328,132,158,309,78,233,290
290,118,374,358,400,100,192,330,233,187,147,153,89,498,58,107,444,122,375,407
488,14,432,422,149,338,175,6,280,402,1,181,383,196,352,160,103,485,86,388
134,344,211,193,458,215,259,27,42,213,224,15,313,399,237,164,494,103,143,278
287,349,387,124,364,213,391,115,218,489,478,376,140,262,370,177,294,477,404,247
324,329,482,476,308,447,72,249,433,240,140,402,193,485,304,168,252,143,298,212
40,390,322,354,370,388,50,238,357,489,498,481,157,143,156,461,43,109,305,203
194,227,347,151,216,98,165,369,412,40,288,458,345,28,217,47,325,170,469,109
182,233,464,310,70,228,36,403,482,416,296,372,358,160,41,261,254,39,74,125
61,371,483,437,246,173,296,26,136,164,442,498,174,369,127,415,363,155,343,36
116,289,195,384,384,11,167,354,468,45,287,148,239,161,375,456,427,429,134,479
306,242,497,435,339,73,419,320,331,102,405,126,119,408,77,193,290,319,494,276
135,373,383,233,250,486,329,232,279,59,161,337,344,249,404,172,71,201,455,448
280,333,167,476,339,4,421,143,76,243,416,46,85,20,360,172,322,251,289,436
231,178,216,243,309,297,453,341,26,183,128,214,350,29,491,321,107,426,436,144
465,211,486,266,358,255,112,135,340,232,334,222,66,279,162,380,288,433,158,50
429,104,44,449,470,138,355,17,132,32,425,3,463,472,428,299,196,252,484,393
334,119,115,374,456,306,399,196,208,388,301,240,419,11,107,438,475,143,218,265
10,253,202,498,135,490,350,317,246,488,222,322,199,25,14,257,46,473,368,225
495,62,154,218,43,247,237,8,82,70,175,98,498,80,178,206,350,479,356,493
367,43,116,288,72,107,360,331,196,191,337,149,313,105,477,200,348,146,248,126
295,55,296,415,228,443,78,300,220,299,2,422,98,82,359,84,100,170,491,178
493,145,215,27,380,449,30,183,470,398,129,313,131,494,80,461,230,136,371,374
104,420,151,384,419,246,160,278,263,237,426,143,84,481,117,169,480,211,488,259
205,79,372,42,304,402,56,177,436,315,294,104,360,362,405,73,472,437,337,137
132,232,271,111,348,456,414,497,218,281,1,35,458,127,265,74,371,283,26,28
396,457,106,331,360,252,179,272,299,185,418,216,486,408,374,469,77,304,373,54
308,225,260,313,205,486,380,464,336,120,441,170,28,489,306,467,496,110,35,480
207,213,156,416,208,260,396,27,406,122,353,315,84,232,185,21,479,410,320,347
451,283,274,343,347,150,283,380,240,152,385,469,495,306,60,319,465,45,327,461
39,460,345,409,398,208,465,420,405,40,127,414,240,118,151,379,416,82,369,47
39,122,54,256,490,204,364,322,276,56,401,76,114,33,435,27,81,168,1,69
283,410,401,33,146,152,393,128,327,125,411,275,339,313,368,109,448,362,330,481
362,16,71,220,468,301,424,410,227,154,425,322,83,394,480,346,226,59,209,184
5,457,16,165,247,440,444,198,58,103,483,185,486,161,72,4,45,274,115,224
92,453,247,86,451,227,471,473,22,5,65,151,153,289,103,265,312,89,259,327
35,486,106,307,61,190,139,212,213,389,295,370,164,241,238,258,3,291,260,18
