205,261,497,45,303,494,144,400,285,477,274,255,295,119,20,263,420,143,390,476
444,320,147,443,226,284,389,215,170,176,121,9,239,125,346,297,48,484,457,232
383,47,149,385,386,269,482,242,72,43,170,27,431,29,181,420,204,425,4,377
478,59,178,481,120,308,202,115,186,294,212,138,495,122,168,392,39,78,55,453
130,322,309,101,157,45,417,212,96,63,329,210,79,51,97,30,243,39,458,397
222,145,57,22,158,358,206,301,108,196,402,111,160,265,229,417,453,387,123,472
296,486,193,284,487,412,117,456,247,46,478,269,208,329,26,312,89,85,5,113
354,155,462,231,75,15,62,339,209,234,452,121,454,449,397,136,317,236,443,416
178,36,271,258,287,495,149,56,308,113,464,452,64,46,76,142,431,210,105,101
449,352,323,170,52,430,284,208,295,490,395,125,374,319,177,70,212,326,34,31
411,266,65,335,41,428,386,404,290,18,158,31,468,447,496,420,241,329,214,27
79,388,364,488,63,302,83,284,62,250,56,187,486,332,425,234,131,1,166,473
92,260,223,123,91,202,366,263,474,116,38,487,210,278,316,183,360,77,433,313
263,467,55,198,384,114,298,323,349,288,408,35,172,374,437,390,279,479,317,155
101,336,162,69,220,93,483,467,401,157,12,247,406,451,140,159,201,340,457,184
69,380,226,27,211,448,297,170,122,436,410,52,39,313,412,422,329,164,157,428
227,16,498,107,251,20,42,475,241,165,32,308,267,316,213,59,218,139,426,238
40,138,45,228,115,72,32,421,201,256,407,459,179,473,270,403,324,368,169,275
74,425,477,380,485,192,317,108,337,407,138,165,426,253,457,430,394,420,212,299
104,54,150,252,356,175,82,155,250,95,233,466,330,225,488,64,405,294,413,371
404,38,221,63,208,75,69,242,430,12,493,21,478,364,55,446,224,352,349,370
50,10,451,166,19,291,373,340,77,322,472,76,41,254,78,260,61,113,187,393
411,371,105,258,391,266,379,296,109,332,225,88,32,176,449,335,30,222,368,269
195,82,33,31,90,167,87,393,391,299,75,348,116,420,16,371,175,368,164,174
6,233,300,208,367,284,337,35,330,455,423,191,481,131,447,139,238,366,168,123
274,50,298,126,374,145,407,42,456,323,273,184,273,115,350,316,371,224,245,333
128,168,245,366,255,343,343,380,179,323,411,82,313,68,488,435,147,320,189,400
245,15,131,316,280,332,383,249,300,129,441,259,392,106,134,355,346,451,459,434
355,0,464,455,94,2,391,58,182,483,67,11,198,253,315,460,289,159,171,41
342,333,120,172,256,426,264,220,7,363,372,171,138,470,420,456,383,194,492,44
100,355,441,236,112,259,414,168,223,319,418,429,372,136,296,113,450,263,165,142
324,109,338,51,219,421,480,15,221,300,164,250,427,95,312,254,409,461,319,257
181,99,280,123,437,359,151,472,95,466,32,193,325,293,164,468,15,129,122,10
176,290,170,494,66,308,351,267,441,215,238,400,17,6,57,56,49,94,180,352
473,84,231,93,288,467,396,47,367,22,328,498,480,138,378,445,375,132,171,100
461,277,3,105,15,451,133,411,384,21,6,12,41,200,165,96,353,491,72,308
390,438,151,479,285,483,40,112,406,166,63,38,56,336,49,264,209,294,344,162
37,214,71,211,252,444,275,21,84,470,327,144,298,17,469,355,287,181,442,446
432,202,227,344,243,358,33,495,68,339,419,353,246,179,121,313,343,21,170,88
105,94,343,173,236,270,499,323,402,224,414,135,103,469,103,88,383,410,128,208
58,309,332,457,376,75,330,374,478,414,189,313,130,88,164,9,431,416,51,480
237,234,326,444,70,200,407,115,432,400,393,249,180,436,121,450,264,209,135,231
471,248,325,468,347,401,285,165,149,439,466,493,58,53,429,81,208,289,155,406
367,52,460,469,340,52,410,210,326,434,465,217,413,130,382,211,56,117,37,64
406,177,224,374,438,299,191,364,475,226,9,289,383,473,228,100,61,169,467,148
135,480,204,269,297,473,73,287,198,337,303,353,165,132,215,462,393,299,171,168
307,299,229,465,179,46,284,40,72,369,331,293,77,281,247,75,422,280,295,393
214,109,354,17,10,132,414,415,106,78,198,63,231,322,118,113,328,346,340,343
111,395,378,238,12,277,180,362,47,299,118,265,286,166,499,484,324,110,80,409
125,258,9,428,11,431,304,434,113,396,411,153,5,339,0,499,158,459,66,347
