274,255,295,119,20,263,420,143,390,476
121,9,239,125,346,297,48,484,457,232
170,27,431,29,181,420,204,425,4,377
212,138,495,122,168,392,39,78,55,453
329,210,79,51,97,30,243,39,458,397
402,111,160,265,229,417,453,387,123,472
478,269,208,329,26,312,89,85,5,113
452,121,454,449,397,136,317,236,443,416
464,452,64,46,76,142,431,210,105,101
395,125,374,319,177,70,212,326,34,31
158,31,468,447,496,420,241,329,214,27
56,187,486,332,425,234,131,1,166,473
38,487,210,278,316,183,360,77,433,313
408,35,172,374,437,390,279,479,317,155
12,247,406,451,140,159,201,340,457,184
410,52,39,313,412,422,329,164,157,428
32,308,267,316,213,59,218,139,426,238
407,459,179,473,270,403,324,368,169,275
138,165,426,253,457,430,394,420,212,299
233,466,330,225,488,64,405,294,413,371
493,21,478,364,55,446,224,352,349,370
472,76,41,254,78,260,61,113,187,393
225,88,32,176,449,335,30,222,368,269
75,348,116,420,16,371,175,368,164,174
423,191,481,131,447,139,238,366,168,123
273,184,273,115,350,316,371,224,245,333
411,82,313,68,488,435,147,320,189,400
441,259,392,106,134,355,346,451,459,434
67,11,198,253,315,460,289,159,171,41
372,171,138,470,420,456,383,194,492,44
418,429,372,136,296,113,450,263,165,142
164,250,427,95,312,254,409,461,319,257
32,193,325,293,164,468,15,129,122,10
238,400,17,6,57,56,49,94,180,352
328,498,480,138,378,445,375,132,171,100
6,12,41,200,165,96,353,491,72,308
63,38,56,336,49,264,209,294,344,162
327,144,298,17,469,355,287,181,442,446
419,353,246,179,121,313,343,21,170,88
414,135,103,469,103,88,383,410,128,208
189,313,130,88,164,9,431,416,51,480
393,249,180,436,121,450,264,209,135,231
466,493,58,53,429,81,208,289,155,406
465,217,413,130,382,211,56,117,37,64
9,289,383,473,228,100,61,169,467,148
303,353,165,132,215,462,393,299,171,168
331,293,77,281,247,75,422,280,295,393
198,63,231,322,118,113,328,346,340,343
118,265,286,166,499,484,324,110,80,409
411,153,5,339,0,499,158,459,66,347
