2249	41
5623	21
7801	54
3310	51
275	4
4929	63
941	16
7159	63
2101	10
7665	79
1523	32
399	7
82	1
2485	39
7124	77
7933	61
1972	36
2570	44
3037	2399
2201	40
8011	78
980	12
8206	27
8197	67
2867	26
2423	6
4359	21
44	1
928	12
6832	76
3446	13
3520	24
1059	19
2033	30
2715	43
3147	46
1572	30
3363	14
2117	40
724	13
4935	60
4144	53
1167	22
1033	7
6313	55
4398	57
7051	65
3729	51
4852	69
3678	54
571	7
2337	45
4600	62
3248	49
4440	55
4639	19
1066	19
1085	13
2624	42
3867	14
6847	31
5770	73
5085	60
6152	75
4591	62
654	9
6658	77
4213	43
2241	41
447	6
856	3756
2116	39
2972	3096
6041	19
4934	34
2387	30
4338	54
4423	14
7492	80
2686	40
3829	21
3886	47
4228	43
1591	32
2557	39
2493	35
2445	40
2291	40
7815	46
5202	64
2071	40
4712	65
1566	30
946	14
2844	14
1238	22
3780	49
1748	27
903	4
6426	70
3651	51
6791	39
4436	52
5579	1583
7201	24
6395	72
2058	36
1362	17
7146	22
2863	36
5930	67
5819	61
3762	41
3424	19
5706	31
5277	67
401	7
7724	31
2010	38
1173	25
1784	33
7029	67
1222	23
2631	44
986	13
3389	38
4058	48
2630	42
4479	52
488	7
5449	69
4782	60
2987	41
7387	55
1374	20
5512	67
7569	28
1696	28
2260	10
4796	69
3660	52
3168	35
2705	1278
909	13
3261	48
1262	4218
2923	27
4098	29
4686	55
1214	24
4521	15
8135	50
3435	52
2281	26
1005	5
1617	33
4212	54
3726	55
639	9
3638	50
8049	81
2649	10
4529	17
6523	65
4942	28
3441	13
732	13
7866	83
6565	32
458	5
122	3
7644	85
5360	31
5710	78
6017	68
1579	35
1314	26
7520	46
7476	26
7116	53
2852	43
3273	50
3205	10
2567	26
8271	29
4594	60
6834	77
1573	32
579	10
4957	21
3564	49
904	11
7293	71
5264	51
7742	79
2437	41
1799	34
7578	76
3007	41
440	6
5171	65
6218	63
5077	1800
3088	46
7057	74
4867	47
1921	38
4085	54
67	2
3395	28
6264	65
7999	54
898	11
1002	17
1628	32
1509	29
7025	72
298	6
2225	40
3259	21
5890	58
292	4
1725	38
1967	39
3118	20
6536	62
168	4
8122	77
57	2
2360	34
2060	31
4091	53
4983	41
8110	80
3863	56
321	6
2306	40
2688	40
636	9
6161	30
4349	29
5668	31
6994	36
1555	30
7417	81
4629	13
1416	31
2983	36
4875	47
2629	8
3821	48
5462	67
189	6
6205	561
4308	24
465	5
3611	52
4567	51
7587	71
2843	41
7473	23
4205	22
139	2
4210	18
2740	38
5376	66
4654	31
7451	79
2332	44
159	5
3206	24
7044	64
1933	39
7716	74
6522	68
3668	36
426	4
6907	79
7685	81
7167	33
1527	5
1105	13
895	14
2133	39
2159	23
2274	41
2809	42
4125	58
6457	71
2277	15
3639	48
634	10
5152	62
6068	68
6588	23
1926	38
4092	53
1245	25
5790	74
2018	17
7080	70
190	6
3925	52
5006	53
4576	60
47	1
2086	38
2973	45
1175	25
1181	3
3764	55
1948	34
756	13
6870	78
2255	41
2356	37
2508	39
5001	68
4434	55
6643	41
1110	12
5271	17
6624	78
1300	19
6552	73
6222	78
8033	26
4141	59
411	7
988	18
7610	77
7812	84
6168	76
5958	58
7035	74
1975	37
3077	48
7759	82
3955	40
5122	72
5772	30
6435	24
1043	16
7390	70
6709	26
5765	71
2170	41
4739	62
5390	64
2311	10
972	19
989	17
7954	81
317	6
7454	79
7157	63
2373	42
3556	43
916	13
519	5
8241	86
4810	57
5599	73
7323	24
3731	49
5435	22
8272	84
2865	34
7122	44
4448	57
4744	20
2391	40
1405	31
7108	73
1504	30
248	1
1473	30
4994	65
3263	9
1042	19
2222	41
1507	29
6502	80
3981	48
1433	30
4194	20
362	6
5800	69
7243	24
2667	39
8215	82
1472	6
7084	77
7564	53
4222	47
3808	18
4146	57
6462	22
5924	76
2142	39
7845	74
4807	70
1246	25
1299	23
3663	51
2747	40
3799	55
4760	65
7585	71
4371	53
2501	9
7957	25
1498	25
4364	16
3132	40
3111	47
8178	60
6381	69
7393	81
2779	9
1746	37
3264	1098
3924	35
627	4794
2657	40
5327	51
6033	70
3530	51
1189	23
3567	39
1826	36
3213	7
1012	2
5637	76
7459	79
1357	30
1270	5
4103	43
1659	34
8183	60
6577	77
2205	9
6873	77
4275	51
4463	59
2057	36
4602	20
872	9
4608	23
1866	16
5333	52
6645	72
4916	63
1223	22
2784	36
7277	76
888	13
813	14
783	9
7789	79
365	5
4375	59
4890	57
1428	30
1584	34
3280	11
3128	46
3508	35
3313	14
448	2
3631	42
3655	47
1396	32
406	7
3451	45
4013	55
4303	17
3590	13
7316	27
7179	46
7424	78
2266	12
4274	53
7420	77
1665	31
729	13
101	3
4568	18
4264	44
3933	14
3269	37
3728	46
543	6
2181	39
3096	49
175	5
497	1
8006	80
5429	71
1212	11
1865	25
912	14
689	7
4921	63
8150	69
6599	81
4240	57
6633	60
4223	39
3696	17
778	1
1137	22
2754	30
1429	14
926	13
6056	23
7757	81
3322	49
4536	45
5044	24
4366	54
6537	61
8254	66
5040	56
7639	48
8155	61
716	11
1749	30
7329	75
2324	38
6533	33
786	10
2357	36
3225	47
341	3
6230	41
8262	79
7899	22
2919	2946
7100	78
669	6
6993	75
4943	67
6710	74
4587	63
3402	41
1078	20
2582	43
5926	25
4738	53
4143	56
4899	64
7682	71
379	6
6295	27
830	12
4278	20
5872	74
2336	45
6636	24
945	14
6936	77
1148	3275
8109	80
6798	71
6613	59
104	1
2970	41
7158	63
6616	20
6186	67
2683	43
2645	22
1204	19
6150	82
2786	39
3256	34
3468	54
7840	25
6926	81
77	2
160	5
5717	69
758	14
5148	56
2906	37
6491	26
5058	52
5814	68
3105	53
5615	20
1541	24
27	1
2877	25
2050	37
6446	72
6806	22
3523	48
6653	61
3601	43
6453	80
1077	5
2257	41
865	7
7974	84
7740	75
6062	73
3397	2158
1651	33
1552	23
1756	35
6953	50
5427	69
3582	52
5485	66
5638	28
3385	46
6016	77
2475	41
7828	75
2403	40
5016	66
3137	48
3270	2913
4859	62
993	18
4438	39
4542	39
1886	33
7920	25
7889	79
6545	72
7050	32
2945	23
1545	10
7330	75
3450	46
6070	48
2523	42
6782	64
1595	32
1422	33
4580	21
4179	61
3765	41
6359	75
6515	76
4336	40
739	13
5793	17
5689	78
3956	58
48	1
693	1
5111	48
3509	9
6178	67
7230	78
5273	66
225	5
5478	74
5406	20
5505	74
3228	49
3463	48
52	1
3172	44
2692	44
3444	18
6319	52
5688	28
3001	44
383	2
7752	78
852	11
2134	38
6700	48
3433	48
6314	58
4646	22
1995	39
8238	49
4455	59
1582	32
4563	2032
1219	22
6689	76
2455	40
4140	47
2652	10
1602	34
6674	68
4068	42
7900	75
4649	63
2418	42
568	7
1169	18
1334	26
5336	981
1150	26
5875	61
4816	61
2185	13
1165	25
5219	70
1915	20
4923	17
4073	47
8167	81
1463	32
5613	30
322	6
1674	29
5915	69
329	5
330	2
622	10
5529	67
4757	66
1736	31
1485	11
2202	40
5054	69
1303	26
3537	51
6765	30
4873	34
4445	55
7462	79
5011	69
2481	40
6854	64
2096	35
1968	29
2802	32
2502	35
4635	39
4411	12
320	2
612	7
2723	44
7862	79
5225	18
2787	39
2374	39
2087	38
2965	27
199	2
7245	54
6805	22
7930	76
3621	35
4404	14
4927	44
4218	13
7284	83
2548	43
1260	4
2288	37
6589	72
2807	37
5911	28
6311	21
4023	25
5356	68
4036	59
1389	31
5720	67
1336	24
1653	3954
7843	73
5588	21
8126	77
2179	39
1609	34
2746	42
3598	47
6096	707
7821	81
6467	73
8007	28
4948	60
4150	56
445	7
1919	34
1240	6
1847	36
6251	70
4664	62
4397	20
5245	18
1094	22
3294	24
5231	18
6212	75
28	1
2887	43
1643	32
7350	71
2999	46
4936	64
6477	67
177	2
1887	34
8203	82
4981	65
7401	80
311	5
1391	29
5511	51
1686	31
3823	19
4174	61
6240	73
1088	19
1977	38
1630	29
2369	33
3143	22
8118	84
3932	54
4761	64
2703	33
3293	48
4465	56
6728	70
3422	42
1386	32
4547	59
435	2
3825	13
3029	48
2090	38
6474	27
2514	37
5285	44
3759	54
5104	67
4432	58
4874	30
1193	24
3447	51
1070	21
5966	72
2215	29
111	2
1510	24
1814	35
663	7
6582	68
5640	31
3099	46
5808	69
7855	80
605	9
4014	16
243	3
158	2
6574	81
3941	52
5146	20
4622	63
7199	70
8264	87
5616	65
3788	54
4556	47
6703	25
1166	20
1925	34
7850	82
3552	40
960	17
5322	75
6732	71
4714	1950
2803	43
631	10
1361	6
1208	25
615	8
4598	55
5432	80
78	1
708	11
7086	75
1375	30
4042	54
6979	44
2808	16
7296	22
6010	22
5196	70
8249	30
2704	35
7658	22
5167	46
1021	18
327	5
8095	74
2509	40
4491	50
5136	54
2515	37
866	10
6856	26
3345	50
2292	40
1827	37
2064	31
7345	25
2203	40
5605	72
4788	60
6906	74
3396	44
3453	41
5200	67
4780	18
5286	70
3997	55
2585	43
3479	2587
8225	24
7588	35
336	6
8182	60
6061	73
3169	16
2195	5
1841	3
679	10
3763	43
2447	40
3342	47
4774	62
4425	18
3723	49
2106	38
7550	50
2872	27
7501	80
6775	24
1034	4288
6143	66
4697	63
3279	50
1804	34
2856	43
539	7
3301	31
3472	40
4793	69
5412	72
6897	82
6486	71
4699	63
4406	50
6542	74
1984	10
2924	45
346	2
4038	59
1531	31
6837	80
1161	16
3459	48
5017	49
73	1
687	2
3514	34
1861	26
7418	77
3717	19
6077	24
4325	58
853	14
5281	68
133	4
3562	44
1113	19
7660	74
7335	76
3703	40
4297	54
7220	73
7310	71
273	4
4945	18
6581	68
759	11
35	1
7386	47
1813	32
8260	82
3399	45
1016	5
549	8
4752	64
5967	51
118	3
7250	26
2152	3
7470	79
768	11
5430	71
6460	79
1859	27
4020	57
3223	7
1185	15
6443	45
766	14
2951	37
1282	24
2841	20
5008	65
4713	50
480	6
5883	71
4347	58
6530	23
8288	32
5711	78
5129	17
5655	66
2230	35
1376	28
8283	39
5537	75
2247	38
7503	80
3862	53
1932	39
875	1
343	6
6619	66
3695	17
5771	45
5596	77
954	6
6783	80
5834	72
7174	66
3332	45
906	2
3999	14
7315	28
3549	12
3930	52
1460	32
3253	47
5656	68
4833	67
4175	54
2234	12
7853	82
2452	37
2881	23
1592	33
7760	84
2414	41
4702	63
5184	68
1970	42
3643	51
6500	57
5332	72
1093	22
7632	85
3309	47
5658	64
2949	45
5341	41
5471	20
4909	63
7969	61
1958	3364
6049	64
6759	27
2191	37
907	15
423	5
6675	68
5251	21
5676	52
1172	25
7456	79
115	2
2379	38
6177	73
4524	50
2262	10
2954	46
1483	31
3499	17
5350	27
8193	67
7362	29
2417	24
7178	47
7902	75
1929	38
1360	28
4061	48
6541	23
5224	18
1729	36
6821	77
410	4
6900	74
5061	68
2751	7
5036	67
6596	51
7156	63
4129	56
3769	17
2912	44
2500	38
4727	62
143	3
5254	54
5542	75
7795	83
3080	13
5935	71
6050	74
7041	25
4430	52
235	5
7219	26
305	5
7079	67
3715	46
2309	36
3974	13
836	12
6030	70
96	1
5377	66
3124	49
6151	82
3856	8
5162	37
7053	73
4944	68
6809	21
2694	37
6388	69
4781	60
1543	10
5839	73
7574	20
6959	66
6105	19
4377	59
5213	33
2641	9
2855	39
799	13
1802	38
4381	57
3133	50
3687	45
5985	72
6466	19
1438	32
1864	19
2444	36
315	5
7204	25
8020	34
6660	64
2758	37
4231	17
698	10
8270	86
548	7
7878	82
847	10
3827	40
5199	73
5210	33
789	12
962	17
8224	68
6170	82
5509	72
1083	19
624	9
3440	16
701	12
5931	22
4792	67
4021	48
1939	4
3944	48
203	1
5631	21
1908	38
5539	25
5174	67
6852	71
8090	28
3189	39
7593	25
7226	63
2413	40
7252	83
1323	3597
1324	7
2728	34
1648	30
3998	58
4900	68
1032	18
1127	21
1253	23
4497	21
2847	44
3227	45
2359	42
6535	33
2913	2042
5877	69
1560	32
3191	34
6548	72
7966	44
7436	31
2550	41
1900	38
3976	34
2456	40
1988	40
7446	80
7661	82
3092	49
120	2
3649	15
2798	10
4625	34
1889	36
5463	73
6261	30
5652	74
3140	40
1143	23
1638	33
5646	60
1216	25
513	2
7662	74
2312	10
2082	37
3461	35
4880	19
4074	56
2696	42
5182	70
1434	30
1528	31
326	4
7994	22
4911	63
6685	29
1147	20
2994	47
3153	44
2516	38
5626	72
8043	26
6924	55
7223	73
4611	1476
3824	45
3797	19
6305	76
524	5
3235	8
5969	25
8276	34
650	9
2886	48
3498	51
5227	67
6747	42
5674	80
5569	25
812	14
4169	51
5561	73
4853	46
3458	51
3198	48
3089	43
3540	38
1215	22
3959	42
586	10
6871	29
575	8
882	13
1835	34
4320	57
344	6
935	15
2510	3412
1236	23
3053	39
3390	39
6078	24
6580	68
433	7
3051	19
5126	73
1196	24
4710	62
3291	44
4280	20
46	1
8161	82
7985	69
4498	21
5002	60
1913	38
2453	40
2484	8
6701	48
1075	21
3214	7
4318	42
5418	66
8195	81
6111	21
5125	29
5366	75
1492	31
6578	68
5731	74
1716	17
2495	41
5528	40
5198	66
66	3
4624	43
1946	27
8134	50
472	6
7409	71
6696	32
1399	29
2632	7
2451	41
1426	33
5960	1307
7919	81
3219	7
8028	32
6807	21
5691	66
3920	54
1868	36
3275	44
5400	73
6031	70
6883	72
6174	83
1474	29
645	5
2094	39
331	1
6566	62
4352	50
1506	29
1927	36
250	6
6622	75
3992	52
4486	1690
5497	59
7443	81
3297	40
956	14
2165	37
4147	61
1293	22
3785	24
4413	41
2604	43
2420	7
1112	12
5516	59
8124	82
3704	2516
3229	8
7818	59
4385	13
2017	35
7497	58
2020	35
3776	11
2955	46
4026	45
2575	12
7634	22
5160	52
5247	67
5583	78
6037	25
5045	28
2663	43
6778	28
7176	63
3870	48
1633	25
1985	38
5577	29
7104	73
7741	78
4067	48
3989	18
5275	54
6890	29
453	5
3368	13
7537	77
803	13
499	4
228	6
6630	56
1971	7
4638	19
7048	31
3374	42
5102	50
8040	81
2648	33
4185	54
309	6
681	11
7623	80
1156	21
8099	80
4837	70
6441	74
4057	56
3750	51
6407	24
628	10
5838	26
5558	67
4740	53
1040	17
2295	35
773	13
205	3
2543	43
8133	84
4431	57
6971	77
4604	63
92	3
7773	83
3814	51
303	2
7343	73
815	12
1004	15
4424	60
4789	70
6106	21
1101	11
2253	39
5466	78
2929	28
1564	13
5730	74
3725	2465
5193	64
591	8
7865	78
3690	45
6060	73
726	13
3714	50
1140	4
6360	39
2282	42
6394	76
7927	81
5164	62
7101	79
3464	52
372	4
8140	63
6657	78
7583	26
492	5
977	18
3712	13
2038	40
7151	25
2794	43
1356	27
4765	64
251	3
4599	1973
7929	76
7015	72
7577	37
2644	22
5530	31
1478	3
595	3
1672	36
4736	53
6606	24
1718	32
7321	77
6516	75
3539	51
7060	26
730	11
1795	32
3257	46
8009	78
6278	33
1728	10
3581	52
6692	72
1704	32
7241	75
6431	67
150	3
4947	59
5712	78
2164	18
527	6
3017	46
6903	72
5417	31
2979	28
915	12
7696	82
3898	48
7155	63
3339	47
6286	62
1620	32
2197	34
5342	69
5190	65
4198	50
3945	42
6519	63
6498	76
5644	67
3593	52
4159	52
7422	79
8079	25
3819	52
2102	33
2909	44
1941	32
1031	19
2768	37
5950	20
596	2
8156	74
760	13
89	3
6316	70
1404	31
8205	82
1451	29
5868	58
1828	36
659	10
7998	54
1207	20
6069	56
4621	19
6399	24
2402	36
754	3
254	5
3193	12
2679	10
6379	75
443	5
6356	68
6585	68
2268	31
4323	24
580	8
6298	71
3869	57
5310	22
7860	81
1661	34
5096	73
2871	43
7297	78
2996	10
5316	75
8162	79
6604	79
1195	25
147	4
1154	15
1833	20
6943	45
5517	55
5962	44
6389	21
4721	35
2155	39
6673	68
258	6
2617	41
6620	70
4232	45
5848	78
1183	19
6928	26
7326	81
6487	79
2780	41
4246	14
3008	12
5163	37
2323	33
5740	26
1011	19
7403	78
859	15
5704	75
2578	41
21	1
7240	79
3208	48
1879	34
975	18
4276	45
3646	10
5891	69
5947	75
2169	37
7691	47
2900	25
2562	30
569	7
546	6
1739	31
1629	36
3200	11
6391	72
237	6
2592	39
3005	44
5380	72
4818	54
4766	64
6922	74
424	6
1766	31
5151	70
4202	46
2001	39
421	6
1456	32
3700	16
4083	28
4603	12
1170	23
2228	12
2689	42
5384	37
8285	53
7944	82
2210	27
125	4820
7675	37
4139	56
1856	3622
6183	67
1435	3
1099	4060
6468	19
5518	55
3061	46
6840	40
6272	73
8005	73
3883	23
7011	27
244	1
4565	62
5696	65
720	11
1931	3571
1319	4214
7139	45
4675	52
7188	69
3946	22
1354	19
4817	61
1950	9
719	13
4663	51
7857	26
5523	55
7822	81
6967	27
714	4
3755	25
4849	69
4109	29
2571	7
4992	24
8246	27
5265	64
1309	26
6555	78
425	7
391	6
7904	80
3317	46
6736	52
6496	74
6682	26
4204	53
7677	81
6976	81
3984	48
705	12
5980	25
3701	52
7251	83
781	10
3201	14
2901	8
5990	72
4667	53
3039	47
456	2
4471	40
3565	49
676	2
4334	40
2174	39
1055	18
2261	10
797	11
6756	31
7123	52
1087	18
6513	76
3266	14
6225	24
5051	66
2858	35
6940	42
578	9
7453	79
3876	49
5821	69
4191	40
672	10
4742	58
1855	36
1532	8
4987	21
602	9
2380	40
6014	73
554	4
2764	42
7616	60
2958	44
7618	87
3176	42
4672	32
5732	74
7637	83
3226	49
5737	75
3182	41
3032	40
6121	68
5887	20
1098	19
427	5
7879	82
7803	54
3978	53
4620	16
3311	45
550	7
7281	79
5290	69
1372	29
7761	84
2183	13
6375	76
4811	57
978	19
4238	48
4617	47
8166	81
2499	9
3382	46
2127	34
3466	43
161	2
706	11
434	6
2614	43
4827	68
6981	72
2552	8
2173	40
899	15
2307	15
1664	32
2859	39
1050	17
709	9
2353	41
1996	38
2161	18
4709	66
1650	33
2400	41
2749	41
4155	16
791	7
5351	23
2449	40
2382	36
172	3
8198	67
3300	47
2621	41
3108	49
2538	7
2616	42
23	1
2966	38
5367	73
439	7
4982	51
6470	26
5650	76
5246	45
7894	60
8061	75
736	11
8136	50
5753	74
886	11
5057	30
4418	59
3910	51
297	2
3623	17
6127	72
1369	19
2963	48
2838	18
1654	36
4209	18
5490	74
2487	36
5977	28
3844	56
2395	8
4069	48
7026	65
3986	48
1218	24
7570	79
1022	17
7509	79
6583	68
3563	51
5484	62
404	7
5255	28
3247	42
4577	59
7697	76
7506	22
6707	37
1587	34
1424	29
6412	34
4025	44
4244	14
7851	82
7267	73
3488	47
1809	31
4086	931
6079	65
6005	22
5050	53
339	6
7780	64
4980	60
587	5
1871	33
7405	77
7668	20
1902	36
2720	9
4049	20
4382	57
1994	38
5436	72
1340	26
6934	71
5099	59
8184	43
2804	12
5571	63
588	10
2752	25
4306	41
5221	70
1525	30
6291	77
2529	42
8080	83
6436	24
6406	76
2236	40
3359	22
4619	16
3112	38
6621	355
4855	67
7474	23
4825	68
7808	81
1090	23
522	5
6612	77
3489	53
6702	70
5353	64
5501	19
5128	17
5330	33
1452	29
6757	418
2737	40
6896	68
3706	2515
7168	69
6946	77
7471	79
2147	37
1840	4
5884	73
3353	48
6350	69
5941	70
4733	61
3146	40
1111	20
270	5
8081	83
3171	13
3962	55
2835	22
4170	59
5504	64
3156	47
5424	28
3066	45
7514	24
3665	43
5751	73
3536	38
5283	58
4683	19
2472	40
8086	78
2709	25
5564	24
7836	27
4820	56
7856	79
6731	71
3958	50
626	8
6349	69
4931	63
8190	84
3653	51
6414	73
1157	16
43	1
2695	42
594	9
3666	38
5928	70
4922	32
1086	22
1719	35
178	5
3003	41
8192	81
5687	28
6158	21
3500	19
3657	52
3806	50
1115	14
6908	68
3708	19
6846	75
6132	73
1445	31
7647	39
6297	21
6945	75
5442	26
7372	41
4437	26
5850	48
528	6
7576	37
934	4
4331	13
7221	24
4031	11
1759	28
6022	49
851	14
7553	48
7363	54
625	7
4601	57
3059	49
6751	57
2023	35
4840	62
5218	70
5671	72
353	1
5312	39
2386	7
2092	24
3203	42
300	6
136	3
7218	77
5208	20
5311	23
7979	82
1326	28
4745	17
4863	15
7910	79
4108	29
5381	61
2031	35
4661	61
6469	70
6695	74
2454	40
30	1
2397	40
8213	60
8024	30
3319	12
959	18
3618	48
8097	42
6227	81
5822	77
5314	71
2781	9
2698	15
5550	69
2702	28
119	3
211	1
2175	35
6048	74
7726	80
6279	22
6028	74
7763	84
2935	41
857	11
6126	73
348	6
7273	33
3967	42
4918	63
2513	37
1618	33
4688	61
7045	74
1570	4035
7056	44
2250	38
3531	50
5844	75
4933	62
2755	12
1959	37
6490	78
7882	84
3935	48
155	3
128	2
4975	62
194	3
4808	70
976	18
5995	33
6625	72
6862	79
5248	68
4056	48
6015	76
5192	68
4290	57
5386	74
3068	10
589	9
1916	37
1711	26
5105	70
3351	51
1229	22
3480	52
3630	49
7448	22
7595	43
8139	25
1658	3825
2868	18
3093	46
1232	7
5932	73
4007	44
3398	29
1318	27
1832	29
573	7
4048	45
6506	81
3800	53
1335	18
2061	44
6064	76
4582	57
24	1
3452	44
6602	79
576	9
2109	40
2531	8
3963	53
6083	23
2365	32
2113	6
5294	72
2178	41
963	17
5491	74
342	5
4966	57
7729	73
1467	28
2969	42
6043	78
377	6
890	13
5895	39
8231	83
7004	72
4269	48
1420	31
7653	30
784	11
7594	50
3199	51
6219	71
8115	25
2415	12
3159	44
3848	12
7925	81
4538	48
386	2
1286	25
3407	11
6841	64
583	5
455	4
3482	40
7440	24
2471	41
4552	14
3905	55
3231	8
3719	48
2416	26
8146	59
430	7
50	1
6571	24
755	1
4636	57
5178	74
5000	68
6688	76
6901	83
7834	73
7052	71
561	6
1380	26
3465	21
3985	49
3561	47
559	9
3401	29
4953	56
3323	31
7117	32
6886	74
2527	40
572	2
521	6
6053	74
6690	76
1176	25
869	14
2084	33
5086	68
1295	24
3911	23
3730	48
3656	52
6990	57
185	6
1668	34
6148	66
1947	30
415	7
6652	61
6576	81
1583	31
3221	7
5434	21
2491	6
1588	35
7255	48
1427	30
7948	81
2070	39
2319	23
2047	38
8019	31
4673	54
821	13
3753	51
3341	47
782	13
4868	47
1133	15
5978	70
5798	63
1565	31
2537	7
479	5
2957	34
7605	28
7150	74
1493	17
4252	57
2569	37
1490	30
7768	83
1267	26
5260	35
1244	25
3550	40
968	19
3490	44
7673	22
5468	65
1890	37
5073	69
4441	50
7544	67
2315	10
1619	34
1863	7
105	3
3212	7
7777	83
805	14
3134	50
7355	76
8062	42
6910	68
2316	10
3977	50
8042	81
4791	29
4485	49
1794	36
1406	27
818	14
4119	55
2540	7
7444	75
8077	77
438	6
6584	68
5191	41
1743	37
141	4
7027	72
7292	25
7430	25
3650	50
5090	71
7535	77
4037	52
5648	76
1159	17
1028	14
1107	12
7215	37
6458	80
1797	33
2440	36
2719	42
855	7
6007	71
2833	38
1546	10
3599	20
6666	73
7579	68
6568	20
2842	45
4163	62
5055	66
5551	70
417	7
1849	33
357	6
4701	63
5889	69
4897	22
257	6
3871	50
2776	28
6003	67
5313	65
7991	34
378	6
1305	27
3055	41
4400	59
2783	36
7613	26
5232	36
4915	66
3917	59
3054	19
6001	77
5602	20
2239	41
3596	44
7707	81
8157	66
2405	41
1060	16
2364	38
6609	69
1760	38
6162	19
3880	17
1129	17
6878	77
5127	17
6684	68
1065	20
6623	24
5472	71
5181	72
4353	56
4803	70
2322	40
2627	11
3676	49
1816	32
699	9
633	10
5920	68
1382	28
2398	26
690	11
3671	13
332	6
1377	27
2114	40
3457	49
5803	70
7425	76
2434	41
593	9
4952	63
1701	33
3072	46
7756	78
1437	18
1146	18
5794	37
3897	47
5669	24
6573	81
4217	59
4221	57
6812	36
3677	50
6881	53
4165	62
3014	32
2045	5
2680	40
1304	26
4937	62
5262	72
4988	58
4912	32
2995	24
59	3
3782	37
1190	23
7830	73
1775	24
5482	60
36	1
4071	59
40	1
5873	69
1622	32
4815	15
271	6
6252	29
2376	32
2314	32
3954	56
2032	35
4973	67
4407	52
3810	54
6146	66
5741	46
5673	26
4583	14
5143	55
3777	37
6074	72
7885	78
7257	26
1923	2603
8174	83
2914	28
2299	42
6646	52
5059	64
93	1
744	11
61	3
4844	68
917	11
970	17
5452	63
7348	79
6638	78
1237	24
7036	62
3018	24
7945	76
1048	16
7071	78
2265	6
5760	69
7666	26
4117	49
3082	9
2136	38
5846	73
6544	71
6603	79
277	2
6067	74
5801	45
3190	36
4490	50
5496	59
1687	7
7557	44
5141	21
2879	2501
6724	27
6766	62
4000	46
3015	46
4355	47
540	7
7382	48
4964	64
5401	72
6984	58
7743	73
3749	49
2450	40
7046	70
7206	28
3906	54
5465	62
6808	79
691	10
4584	21
3982	46
1134	20
268	6
5749	65
4660	64
1870	33
2797	11
291	3
1603	34
1259	25
5572	63
6955	81
6828	62
5624	75
5460	73
725	13
3607	52
7513	80
5649	24
920	12
7883	84
3394	43
7719	75
7381	78
3637	48
2759	36
6730	71
4138	44
5375	25
4728	62
817	13
3110	46
5860	26
2559	33
5863	57
3632	50
3882	10
2905	32
1346	2319
5012	58
741	1
2126	42
8291	77
2479	39
7171	72
745	13
1639	34
5130	72
7005	77
2177	15
1381	24
5515	55
4265	15
334	6
8137	50
6157	71
4354	49
927	1
5568	65
6770	77
1694	33
3891	59
6877	77
22	1
7065	27
661	11
4151	53
1080	9
6440	50
72	1
8002	54
2565	38
6236	35
6129	58
2088	32
6026	40
6269	49
6113	54
4630	22
6769	40
4314	36
4207	18
7792	82
713	13
197	4
4950	33
2828	41
1969	40
1715	32
7960	86
4373	28
3792	57
2989	43
4659	67
3592	28
1726	38
1243	23
2576	34
800	8
4905	63
1398	29
7837	70
8058	27
3010	38
3102	44
1023	18
6982	22
1753	36
8128	80
3030	42
7690	23
1328	12
6790	79
4616	54
3679	53
6974	73
7486	61
1337	26
1548	26
6801	78
1935	11
6325	66
6229	58
5584	79
4839	66
3298	49
6142	66
600	9
2035	35
4623	64
6244	30
3620	35
2899	43
3566	49
7732	79
2264	36
3460	44
1613	34
2396	8
3184	41
1608	31
5161	37
652	10
1991	39
5923	37
1724	38
6905	68
2355	6
5476	68
2673	8
7109	77
1071	21
6019	73
1893	36
2713	38
6054	22
2998	46
6429	23
7502	70
2105	13
3909	54
5173	65
2015	2720
2770	27
2333	41
1045	18
2819	43
1410	31
7153	76
2697	34
1524	32
419	4
5780	70
793	13
4095	48
560	8
1789	36
5109	65
4903	32
3252	47
7342	74
5812	74
4562	15
1332	26
5437	73
5559	30
4137	57
4215	14
3197	46
697	12
3892	59
1928	8
7769	85
7638	48
810	4
5994	67
367	6
4142	58
5028	66
4500	15
4876	64
4396	20
7614	80
3770	15
4720	51
2464	5
1277	9
4047	16
7864	72
7965	82
1019	15
56	4851
1505	26
1821	27
6328	73
7133	77
8172	83
6753	70
2118	39
98	2
2407	39
6160	38
748	11
5252	68
5919	29
983	5
7320	76
6097	75
6680	27
3926	54
843	14
6296	77
632	9
1769	36
7268	73
1943	28
5226	75
4190	53
944	14
173	5
1844	33
2690	38
6713	78
6191	67
7906	47
7482	81
599	8
2551	40
3379	46
8106	80
4754	15
5956	23
188	6
2549	41
1457	32
1600	14
17	1
4199	16
502	3
5172	62
4557	30
574	4
7197	71
2928	12
3081	42
6860	81
570	5
5069	1726
7107	24
6081	74
4250	54
6073	72
2711	21
6941	36
5095	60
2242	7
4111	29
6869	81
6997	31
7472	59
6387	69
1423	32
3075	46
2658	33
3689	21
5374	25
3375	51
6213	61
4669	44
3386	43
4135	57
7318	23
5399	72
2526	42
3524	53
7142	77
1350	29
2171	37
1308	26
2120	42
5249	68
7833	83
6844	80
6447	26
8242	81
364	4
6850	445
301	6
259	4
4283	58
7163	76
6367	65
2985	41
3961	49
8120	84
6729	71
2269	26
6760	25
5282	68
1130	4085
2760	39
75	3
4999	68
7485	460
6511	23
204	5
4898	61
4689	67
1390	29
979	6
29	1
2223	24
3615	46
3751	52
4417	58
4065	55
7517	83
2030	35
2822	42
5685	28
2623	37
1049	19
4904	32
3702	40
2931	29
5510	51
5405	60
1962	38
4075	48
41	1
71	2
7511	68
2016	42
2607	9
6324	71
1256	26
3126	18
6917	24
3532	46
1128	22
673	10
8050	37
6411	60
6501	78
460	5
775	13
816	9
4186	58
5802	76
4963	57
4978	65
801	11
3192	43
5320	67
3628	48
3145	35
7062	32
444	5
2534	7
3449	42
7909	23
6299	70
8047	77
2656	42
6020	74
8290	77
3558	13
2971	10
8274	71
2857	39
3822	14
5166	65
564	10
749	14
4881	52
6563	77
4822	23
4233	45
7892	60
1160	19
2884	23
6281	77
398	6
8147	78
5481	21
7797	32
7480	68
6241	68
6735	66
1791	35
7088	77
2643	34
3044	42
2056	36
1503	32
3698	17
3486	19
7937	81
6788	63
103	2
7708	24
6323	54
5508	72
3240	19
4753	64
4126	57
3084	41
216	6
5828	73
870	12
1470	26
6811	77
6145	66
137	4
3148	43
825	12
3471	50
3921	12
3594	46
4152	54
1751	1748
2100	38
4173	15
1874	10
7374	72
5486	74
338	6
3744	54
1511	5
7868	328
7694	82
7441	74
1557	4
1537	32
2390	43
7771	77
256	3
2461	40
3896	21
2326	31
2465	5
312	6
6485	74
5543	71
6215	68
1446	31
1772	36
3234	47
2675	42
867	14
3901	55
6865	75
7704	81
7738	28
3060	50
123	3
6627	52
6454	80
79	1
4093	20
1020	3
441	6
5702	71
2458	39
5048	67
7270	76
8292	56
7970	136
2546	39
3796	53
7629	85
6489	76
1993	40
6858	25
658	4697
2892	43
5343	70
1945	30
1366	29
4762	64
6739	66
2980	42
5757	21
6124	78
8179	60
7413	34
5874	61
7905	83
3306	43
6288	70
3348	22
6605	71
6042	68
2594	38
2011	28
5554	28
2789	39
6494	71
6243	80
1464	32
1656	33
4856	67
822	13
395	5
5495	66
7447	80
4130	57
4442	53
743	11
3718	52
1203	26
7128	76
3635	52
4180	12
3076	49
8219	81
7650	79
265	6
7620	60
2659	33
2930	28
2706	40
8226	60
641	9
4586	53
7287	84
1637	31
7231	74
3684	45
1454	32
3600	25
1934	39
2640	9
5946	71
1250	25
3262	40
4504	48
1151	23
5709	38
4311	20
6320	76
7518	38
2734	29
2665	42
6687	24
6253	35
4043	59
454	3
2677	40
4078	16
1174	25
878	15
375	6
8035	81
6472	26
236	6
6220	67
2563	36
6677	68
7873	62
566	10
1418	32
3418	39
5469	22
6842	80
3417	51
5220	70
617	10
7791	52
4640	1837
4171	12
2429	8
2653	37
2389	40
4566	57
5782	21
1373	26
4861	15
2517	37
794	13
1829	34
7205	28
2186	38
8065	42
1895	39
6351	32
6920	28
3617	10
5372	25
4648	17
2130	42
3025	49
2687	25
7461	79
6021	21
481	6
4005	55
2146	37
5853	77
233	5
4864	69
5071	63
6263	73
1342	26
3948	24
6503	68
3462	43
656	9
7217	36
4050	14
2489	35
5217	65
2200	40
4357	56
6520	73
2870	18
7978	82
7235	79
4296	51
1402	29
8025	27
4358	59
1313	3
7193	75
4394	20
6199	26
3078	34
1241	22
4480	20
3735	16
4914	32
1812	7
6055	20
4723	63
4926	33
8171	85
7112	76
224	6
6586	23
1401	30
8088	60
8243	71
2894	43
921	13
7186	23
5829	74
2014	39
1571	33
1836	38
998	16
1983	39
6725	25
1652	33
2944	23
5187	63
7597	78
8057	83
6497	76
7737	77
7279	66
4651	50
2882	23
3340	24
3115	19
4257	54
3939	16
4737	59
2613	32
468	2
422	7
2805	43
7127	77
932	15
489	1
3875	12
1095	20
1667	30
2272	35
820	14
3478	50
1476	32
6949	64
2542	42
4327	57
7160	35
5455	69
208	3
7561	79
1869	37
1882	39
3425	19
814	13
5337	41
1763	7
6845	76
3217	7
5388	33
8068	27
770	12
2818	14
774	13
2778	27
2661	42
8100	80
15	4790
8232	83
5289	72
171	3
2028	40
6526	60
5133	20
1914	38
5526	69
5746	68
5888	69
3983	49
413	7
8289	71
4234	52
7659	83
2340	18
7416	74
2135	39
7017	72
2535	36
5692	61
4698	63
6071	35
3131	50
3107	43
2606	42
3183	47
6767	71
7964	69
7024	71
6554	82
6671	71
7305	64
8066	28
4835	66
226	5
7915	82
4289	56
5811	47
4310	58
8085	81
2093	42
3609	14
5195	57
5454	65
2013	34
4077	55
2296	38
6539	65
5075	693
2845	30
2066	37
7055	80
1297	22
4478	52
881	14
2320	11
2615	42
4666	53
2932	43
2029	39
1918	28
5739	75
4395	24
2238	40
6312	68
1811	34
1453	29
7912	80
2232	36
4708	63
2150	37
5507	72
6744	66
2700	34
6507	81
3250	43
2918	23
3370	13
5987	72
1144	24
761	8
4885	61
2782	36
8221	81
4951	33
2860	39
3090	49
1352	25
1731	3
135	3
4044	52
1780	28
3215	7
4259	59
6058	23
5662	67
7089	54
635	9
1610	27
1205	25
2388	40
6009	24
5038	68
1201	25
6721	24
7549	32
544	4836
1695	33
4671	56
5395	75
124	3
3597	53
5428	1617
407	4
845	10
7138	27
1550	30
1905	38
647	9
2289	36
1961	13
2992	7
4110	37
1536	31
4195	18
4201	46
609	9
1431	33
6023	38
2067	35
5159	37
4967	64
6091	74
4415	54
1860	12
6275	31
2792	43
3307	49
6914	57
408	7
2505	38
3165	47
4451	54
1518	32
4482	55
6448	24
3056	19
5694	19
6656	33
3807	2544
8036	78
1803	36
4798	64
6948	51
908	15
3406	49
1067	4
7705	81
6880	60
8236	83
2370	38
5657	64
5563	73
6826	25
3872	56
7774	71
3674	47
1858	37
4298	14
2908	42
5729	74
7736	72
7751	81
6437	72
1752	39
1657	30
4528	60
2603	43
3057	43
7615	60
7699	75
6875	77
1575	34
5145	24
7871	80
2037	37
2609	43
880	14
363	5
4800	61
2371	38
7796	23
862	12
6913	66
2885	14
6717	68
5348	69
5445	73
5088	68
7669	26
2467	2297
5499	34
4133	59
4019	48
6247	80
3129	49
7642	26
1636	7
1621	33
5625	51
6561	78
6899	70
2699	37
1839	3
4716	66
3587	52
3586	50
5796	71
5473	73
5666	63
1631	29
5216	63
2722	44
4319	57
4828	65
2519	42
4241	57
5592	26
1395	31
1990	32
2861	32
8149	28
302	2
2393	43
7695	86
2598	37
824	2
3151	25
1278	20
6718	57
5878	61
2521	42
6326	69
1440	29
7703	37
4678	18
7799	21
2378	30
4384	57
4653	62
7428	24
7134	79
2547	42
2788	41
2425	8
7040	59
6947	58
902	4
1845	33
6471	62
2433	29
3218	7
1535	31
529	6
4383	24
2036	17
2628	41
5675	68
7869	80
6304	70
5019	56
5565	63
4154	57
5267	40
2206	15
6764	79
3380	43
3832	15
2832	31
686	9
6228	58
3743	57
3724	48
2019	35
3324	13
2520	42
4836	66
765	10
6327	61
7701	19
3548	19
7185	32
735	13
5713	25
6551	75
4263	59
5748	68
3038	44
1820	33
2586	40
933	8
1744	24
7527	72
4321	57
1008	18
2605	38
2903	35
3960	33
107	1
7022	72
2646	41
3091	49
1783	30
7487	61
1580	35
7103	73
5603	30
5964	33
6232	71
5667	68
4402	20
1307	21
162	5
1513	33
5636	73
6134	68
3602	43
3758	54
1862	6
1135	4144
99	3
7283	84
531	1652
239	5
936	17
8060	83
4735	53
4826	68
6803	55
3448	52
1607	33
6986	79
1642	32
4574	63
5578	77
1872	30
664	11
1626	32
3816	11
6935	76
3000	41
2059	18
7646	85
3551	40
5866	35
3138	12
5183	68
2961	48
7397	27
607	9
826	13
5880	22
7523	71
1051	19
3376	15
7295	72
5774	74
3492	22
3154	44
5300	73
6315	51
3260	45
1001	17
6276	31
3541	41
5065	41
6927	81
2574	40
6505	72
8073	84
7515	21
3276	34
4996	30
2889	39
6833	77
3316	40
7819	23
3320	13
662	11
3333	47
6493	74
4674	29
4561	19
5029	62
541	7
3682	26
351	3
2952	46
2213	39
582	7
8092	82
219	6
7034	25
2065	37
2392	8
849	11
3211	51
2765	42
2725	44
860	12
2363	43
3426	19
7911	80
1713	36
767	13
1734	34
1578	35
6374	76
2252	31
261	6
1436	30
5060	62
2777	28
887	14
5033	19
6761	27
6776	31
4494	20
1792	34
4444	55
2099	38
3281	10
4457	57
1625	32
6889	76
3144	47
7572	22
7649	81
727	8
4211	26
1184	22
2041	40
2895	43
4030	14
5936	48
8051	82
6013	76
3847	56
5804	74
431	7
2738	29
4189	16
1891	35
4131	56
746	11
5628	36
2128	41
6262	65
6452	72
2771	18
1662	36
6188	67
1466	28
3839	53
838	10
7262	42
3513	37
3931	56
467	5
2541	37
4317	57
1408	31
4581	54
3968	53
3835	31
938	1538
1331	25
5093	45
2216	42
7023	28
4842	69
6615	75
7407	46
5818	74
1138	20
6156	67
2443	40
8071	67
3304	44
3326	48
7434	33
7545	48
1806	34
5261	66
507	3
2840	41
7826	26
5856	75
6902	61
2459	40
7888	79
4755	55
7806	74
1168	26
3155	18
3569	13
2157	39
558	8
7767	80
3991	47
5317	54
1764	30
2180	39
2591	9
2160	27
5120	29
335	3
5750	25
4429	49
7042	25
2831	41
7458	79
3358	22
3437	44
5139	57
5324	66
3970	53
2244	1620
7961	86
3803	39
6746	53
2811	38
428	3
4773	34
2167	39
6816	39
306	6
4870	38
1108	12
4830	62
5886	70
711	9
7371	68
1349	14
2362	8
6164	44
6965	27
750	13
4776	34
923	3
6383	75
5630	34
6046	73
5483	74
2172	33
3688	48
7528	72
731	13
1124	21
4128	2389
2826	40
2007	26
7291	68
6428	75
1747	36
6483	68
1853	8
4593	53
3697	17
5188	67
1047	18
214	6
3779	42
5209	47
5347	66
5370	25
3518	40
1227	22
2328	41
6546	73
4066	57
3483	20
2287	42
2593	44
7913	28
7298	33
3243	19
5892	29
1125	19
8173	78
3360	36
7512	77
7601	74
2655	39
3361	11
8284	77
5080	54
8211	83
5415	32
6679	68
4718	59
4184	54
6789	53
5010	67
400	4
2457	40
6200	34
4523	44
1922	30
8093	74
393	7
3746	51
4597	60
1220	22
728	10
1596	16
3338	46
6378	47
4070	39
1883	39
1285	23
2676	29
3576	11
6961	66
8105	80
3251	47
868	14
6424	19
1239	25
2907	19
1737	35
6204	25
2507	38
3373	49
55	2
7427	25
2941	25
3887	47
1909	38
8266	87
4053	52
1526	29
1553	27
7565	41
1097	21
752	13
5214	33
6245	21
1684	35
7852	23
4841	66
1131	23
1447	30
3662	33
2718	42
3013	46
2366	32
7415	48
6423	26
4972	66
2460	40
1330	26
87	3
1344	28
3325	44
7686	67
2254	42
6169	69
4481	15
863	13
324	2
4340	29
3675	49
2599	38
392	7
6197	27
688	11
6302	23
5253	21
2439	40
5747	65
7189	69
7498	30
2132	42
5447	69
1834	36
3149	45
3209	49
2880	23
223	5
1798	33
4277	20
6155	72
7481	68
4553	22
6929	85
1266	8
8094	75
4592	32
8273	84
1448	32
3787	55
6777	27
655	3
3410	12
3733	16
1689	37
2522	42
4462	59
5534	69
3305	22
7165	47
2375	40
5118	61
4509	59
5345	69
4062	56
3510	34
3346	42
2095	38
6116	43
2321	10
3409	11
3752	57
942	9
7747	70
6892	41
530	3
3470	43
8102	80
4846	60
764	14
4122	55
6475	25
405	7
5326	26
776	13
7294	77
5754	26
4560	60
6843	80
5410	71
4235	20
3378	41
2108	40
4554	30
3843	55
4806	70
1857	30
1385	26
7238	83
854	9
1182	20
4409	59
4072	49
4508	54
7333	25
4216	15
3683	51
6705	45
2474	39
675	8
7212	80
7844	74
8286	83
130	3
1199	20
1064	3960
5062	65
877	13
3504	48
1770	5
7959	86
4405	52
5520	63
5909	65
999	18
5764	71
3098	37
4687	49
1273	9
5899	67
7455	80
1885	33
3265	48
590	8
6885	63
7779	58
6987	31
2767	44
7775	65
1084	10
918	14
5531	66
6867	65
4192	54
7931	67
1268	4
3185	43
1471	27
4345	31
7863	77
5705	23
4099	49
2406	42
1355	29
5397	72
3766	42
3916	46
1644	27
6184	71
5378	73
516	4
1554	29
140	3
4483	53
2342	30
6118	73
5896	53
412	6
6051	74
7391	72
3367	52
4809	19
6802	55
1018	16
3692	30
8261	82
5993	43
117	3
1740	6
1317	26
3473	54
2049	33
1712	36
5952	68
3083	49
1800	37
7214	80
4365	50
7198	77
621	2
4607	54
6339	66
7975	84
6923	24
5827	75
4507	16
7778	83
4380	57
889	13
2595	40
2233	39
2573	12
6417	72
7439	23
6985	26
2104	28
5622	75
63	3
1230	24
4461	57
514	4
4453	41
6683	71
7143	79
5514	18
5103	66
7928	23
5244	18
8052	81
3117	38
4962	65
7762	84
2566	15
2053	25
290	5
1341	26
971	17
6421	44
677	10
1298	6
7922	81
1224	22
769	13
1647	27
381	5
7624	86
5697	57
5992	67
1590	32
6192	1118
5446	69
4342	55
2890	43
6598	75
7625	82
4534	59
6135	74
2091	40
5785	77
4315	56
5582	68
961	16
5552	64
7003	72
1145	23
8096	74
2325	40
3135	8
6829	75
6481	75
4778	18
3130	46
8148	23
616	7
1443	33
2182	4
7271	75
8013	78
5084	52
6094	29
6864	72
4658	25
6301	74
3454	48
6455	80
3864	58
8141	63
32	1
2040	5
1343	3949
967	16
7608	54
8045	70
3408	53
8145	43
2775	41
5937	70
6018	73
3445	37
1705	32
1279	23
3525	51
2442	40
8159	40
3031	38
4477	56
7921	25
5439	71
6185	67
509	3860
5942	24
6130	24
3851	54
1114	18
1221	26
4502	62
461	5
3095	42
62	3
84	3
1455	32
6337	75
102	2
7225	42
552	8
7140	25
6347	81
3175	39
6607	53
3049	9
4759	1461
1778	34
5112	19
7980	46
3610	51
3895	21
3904	54
5037	67
957	16
4741	62
1480	28
919	11
8087	78
394	7
6066	74
2727	42
3070	24
2773	42
1992	39
2346	41
2229	10
165	5
1516	23
5052	66
787	6
5355	69
7380	79
2730	30
4473	20
6734	80
3713	13
5567	65
6265	65
3267	40
3352	2585
2168	39
1430	30
6706	26
7233	79
5309	27
2428	4
3658	54
1035	19
7457	79
1675	34
7924	67
763	11
7161	26
6044	72
8297	45
5591	49
1767	33
5365	73
4531	58
242	1
7341	79
1951	39
156	5
7019	74
1046	11
3912	23
4647	58
804	14
7154	63
4886	19
5806	68
8010	80
1963	37
493	4
651	10
2684	43
4605	12
8163	82
3063	12
4889	63
1412	31
3902	42
7228	26
1192	4
4726	57
7332	71
1732	39
7118	22
3964	16
7177	66
4249	55
5522	55
1938	4
896	8
1072	21
947	14
5809	33
6408	72
3584	52
643	10
4913	63
4343	44
7090	24
3475	37
4008	52
6246	62
2650	10
7110	22
5067	62
1680	11
973	4007
1894	39
402	7
1378	31
2218	43
3614	48
5239	72
5046	61
981	16
2381	41
7144	79
4428	58
3937	48
3929	54
3109	38
3903	55
5882	22
3166	47
280	6
4650	15
3604	34
4795	61
2372	35
3742	16
5544	67
6942	28
1852	8
598	8
3062	39
2115	33
7956	81
6547	71
8194	81
5291	1732
3496	46
780	7
3016	43
1788	36
5788	75
7670	86
5664	38
1191	6
738	11
3381	50
7043	74
7047	68
1177	3
3772	12
707	13
5470	25
1180	3
5608	66
5524	72
6758	80
545	8
3849	12
6282	19
506	4
8063	64
3388	39
6797	71
562	7
340	3
4645	25
8103	80
2334	45
2494	41
1520	30
2639	9
6187	67
1353	28
8235	41
7137	25
3633	42
6377	76
231	5
2707	38
695	3649
7996	23
7590	26
2846	44
5306	26
5670	27
2964	39
4304	41
6000	54
6676	63
6444	72
3026	41
2338	40
2990	12
7184	68
885	14
1733	34
274	5
613	7
1000	16
2367	41
1006	18
1688	3973
5761	70
4291	56
2636	34
5308	26
2424	41
1796	28
6190	65
3362	36
1009	16
7580	31
4284	58
1807	33
3113	38
4908	63
2580	39
230	6
7351	76
5609	60
5135	18
6114	71
4503	60
7651	82
5606	68
3980	18
6108	71
5921	31
5922	71
7121	76
4564	50
2589	8
1989	40
7175	49
8165	27
3180	36
4089	54
7839	32
5639	27
6340	25
296	4
2021	35
5503	30
6715	75
4871	47
3041	45
7181	77
5278	67
2192	18
6678	68
1211	18
5999	67
4711	63
5020	36
8251	85
2073	39
6672	68
1484	29
2893	43
4901	69
1039	18
4535	55
2974	27
6587	23
6991	71
7285	84
3181	46
1955	10
164	5
1981	30
6635	79
5837	75
581	9
4906	32
8046	78
3840	37
1310	23
3230	8
4530	54
1539	18
1606	32
1920	25
6119	77
149	3
3334	36
7946	80
6254	35
5714	67
4917	63
473	7
7073	78
7001	72
2619	41
2009	35
1103	19
3836	55
2982	21
1092	1520
53	4655
3670	39
7280	78
5832	19
3173	40
5185	68
642	9
463	1
3754	55
6198	61
6611	60
873	13
5792	19
5179	66
893	4003
3605	43
2744	30
1519	32
5635	27
2986	41
3745	17
1594	32
388	6
7967	65
807	10
1912	35
1819	9
3850	57
4279	20
4632	63
5755	18
1465	33
8158	40
984	12
371	4
42	1
1316	26
3965	54
6863	74
3854	57
4569	53
5240	25
2626	35
5274	30
948	4467
2769	27
2308	33
5115	16
7554	33
3150	45
5693	78
2875	40
542	7
1966	39
232	6
6075	68
913	15
8202	82
2221	41
4027	39
2716	42
7531	74
2339	45
4693	62
2708	41
5783	68
5614	72
4986	72
5459	77
90	3
5824	44
4426	54
2176	13
5063	65
6006	70
4446	54
3350	49
7278	73
1171	25
169	3
1771	4
4132	56
356	6
6464	21
674	12
3521	41
6813	25
5150	63
3299	49
5228	67
1837	26
1676	33
7014	73
914	10
3645	51
4974	70
7804	45
2219	43
5299	73
1781	32
6331	63
1540	24
1339	28
2354	10
6371	63
3028	41
5955	20
7162	27
1754	33
4149	57
6651	61
6592	28
1459	32
5368	24
6800	71
1953	36
6495	74
1671	35
4203	46
2916	41
1495	31
4127	42
4162	62
3047	48
737	12
2276	36
4470	40
238	5
648	4
2480	32
3783	55
7598	87
6553	30
7020	77
6317	54
3512	51
1096	10
3957	15
5315	1688
1547	29
5991	23
3953	56
1462	26
6641	25
5698	43
5087	68
6525	35
2211	37
5541	43
1053	16
4707	63
955	10
4655	23
3568	51
2883	40
1248	20
4237	54
7932	36
7061	80
6034	70
1233	23
1261	17
7848	27
5346	69
333	4
7000	72
2633	34
831	13
1179	15
7827	75
8041	72
7379	80
494	5
3125	48
3002	45
7782	45
3640	50
1901	38
2227	43
2490	11
2313	10
7672	22
2246	40
2721	40
1723	36
6366	73
5457	39
649	5
6478	67
6293	77
4010	54
2079	41
3809	16
5997	51
1660	34
1254	26
8287	79
4011	54
2143	37
2849	44
5078	62
2344	39
3918	54
8295	67
1556	30
8255	66
1758	36
1755	36
1681	34
3302	49
3477	47
1666	31
3786	39
4088	37
4164	62
1444	33
5393	25
871	15
1685	35
6144	66
3647	54
4823	69
5416	31
6480	75
2660	40
958	17
2052	42
3119	50
1514	27
3841	30
7829	76
2597	41
2978	42
1576	27
5321	50
861	14
2830	42
5373	25
7007	72
127	4
3711	13
6294	77
33	1
7993	75
8130	28
2536	7
7810	84
3606	43
7164	33
7289	24
536	4
4725	60
517	4
5756	18
5629	36
4208	48
7030	74
4039	56
1461	32
187	4
2097	41
3050	11
7452	72
163	5
3162	42
5799	75
6141	66
5659	71
6650	61
4578	61
397	7
4558	23
4919	63
1387	31
7953	85
5703	66
7881	34
374	5
4360	50
1823	32
1407	33
3487	53
1757	16
4879	26
1581	11
5566	68
5480	34
6120	69
2763	36
5854	77
7802	54
1997	38
1202	21
3542	50
1106	18
3555	27
4378	57
4177	61
359	1
1903	36
283	6
1698	33
2145	39
145	4
7344	75
2670	14
7728	57
7074	27
5580	78
7772	67
1367	13
6235	22
6737	78
6978	51
2138	39
7581	37
1634	23
1102	19
3403	13
7469	79
3239	41
469	5
5116	68
6668	27
3511	34
5009	66
2131	42
4090	53
2558	39
3795	47
2672	21
3035	46
7383	71
4977	27
1044	19
7854	80
6427	24
1333	26
3720	38
2922	46
1762	32
7286	84
5154	65
929	13
5361	47
8144	39
4312	59
2967	43
4850	70
3613	13
403	6
1315	10
7744	81
6521	63
6027	23
1574	34
3577	43
4814	65
4176	61
994	17
5963	52
5081	43
4040	52
6128	68
5024	69
4178	43
2891	43
6459	79
2492	6
5786	75
5989	72
3560	53
345	4
3545	49
3589	38
234	5
3894	12
534	3
2729	18
7114	76
2194	40
601	8
6963	60
1964	37
1411	12
3709	56
7678	75
4363	38
4439	55
6202	37
4104	55
3481	53
4282	59
7038	59
7563	78
2204	40
5003	66
5364	23
4749	62
802	13
7717	74
4715	66
4797	51
352	6
3771	52
3416	39
5797	72
1292	23
6346	40
3405	53
4136	53
2701	28
2587	43
3858	58
4496	33
8216	82
5031	41
7309	71
5686	31
1358	21
5861	65
5647	26
6538	51
7952	21
2596	40
2199	42
26	1
2103	39
5938	72
2446	40
6400	72
1976	38
6255	35
5581	78
5513	25
4082	54
4677	17
6193	68
6052	74
5242	18
7783	45
2411	27
267	6
2217	36
7611	26
951	2
3232	8
1522	24
2581	43
6333	73
1830	37
4838	68
4799	28
585	7
1274	9
4829	64
1482	29
2524	35
6779	71
3491	15
1703	32
2422	9
6681	24
5981	75
532	1
1646	36
5927	48
3455	43
969	19
4214	60
1025	18
80	2
6595	77
8112	28
1242	25
6109	27
7766	74
2226	34
7788	80
3074	49
837	14
1469	27
1413	33
4368	27
5175	1454
3923	54
4116	46
2331	41
7914	84
3833	50
3123	39
7211	80
4333	17
7063	79
6334	71
384	3899
7095	62
5620	26
1805	31
5276	46
715	11
4459	59
5068	66
4940	70
1558	31
7679	75
7113	63
1897	32
996	18
3354	51
785	9
313	6
6039	77
6855	64
7884	63
100	3
5519	55
1682	34
7941	81
3284	47
4464	59
5859	72
2190	37
7478	79
4009	17
7239	74
8023	78
6529	23
1003	14
5738	23
1100	5
2141	38
252	6
4965	68
5263	53
3641	48
1773	3
2351	41
4887	23
2799	11
2813	38
7908	83
193	5
2394	8
7805	45
1690	31
704	11
7098	79
2504	42
7468	79
5419	65
7304	35
5934	66
4588	25
1030	16
6248	71
4322	19
1281	25
6439	74
4682	62
717	6
8170	83
437	6
7939	81
2902	13
1987	39
4938	71
796	14
670	6
6895	80
4188	17
3834	55
6153	75
7571	22
49	1
1449	32
4801	47
3384	42
1014	14
4695	63
3603	44
3922	15
2317	11
2476	43
4539	17
5661	57
7648	27
6773	76
3812	45
5903	70
6567	43
3747	44
4341	57
2196	42
7867	79
4197	34
1699	33
3625	51
3196	48
7378	74
6972	74
6590	29
2477	39
5959	51
2231	42
2976	48
2975	33
4925	20
6983	48
4932	66
2470	40
1379	28
2119	39
3928	56
316	5
4696	63
3889	57
6217	70
4412	23
3216	10
5207	65
3595	50
1645	29
1275	9
5817	25
7934	30
4872	47
6398	73
6771	78
2814	38
1291	27
4954	13
134	3
8064	42
5663	21
7636	38
5787	70
1669	34
5121	72
1264	23
7890	79
7013	72
2939	39
6969	32
4706	68
8169	28
318	6
5039	65
3255	25
5862	70
1774	37
6904	22
3043	44
2478	38
8177	60
2823	37
1709	14
7302	73
5744	74
1123	18
4107	37
6057	23
5707	75
3798	46
1502	31
4804	70
4543	44
7085	77
5204	69
7106	76
5354	25
6762	24
7392	75
6024	29
7210	80
3526	51
3443	52
6876	77
3142	43
7276	78
1700	30
3654	50
7145	79
6711	82
3411	37
4854	69
1441	23
5733	75
4386	13
2921	24
1515	23
1365	29
7353	76
182	4
2869	18
1450	32
4028	21
2654	36
7832	73
7336	71
436	6
2278	13
6504	75
4493	20
4703	63
5506	74
3163	29
6859	78
3290	47
8132	25
310	6
1612	7
6166	80
6980	77
5357	68
2273	31
4124	47
1197	24
450	2
2419	7
5769	69
7203	69
6655	41
2791	36
1585	34
5612	55
8256	66
1164	22
2112	9
7002	52
3936	48
2055	22
8107	81
5595	37
8209	80
6355	69
6560	40
4046	27
1383	4288
6422	39
2925	44
4717	59
5382	69
2085	42
1960	37
5549	66
2027	35
5022	56
7510	79
6996	31
2896	7
7609	52
7125	77
3103	47
2285	33
19	1
4613	63
6380	76
8021	65
5972	22
682	4
2560	37
4991	18
4105	37
3258	40
1188	22
4848	67
5945	52
5775	74
7016	72
4034	41
5026	68
5098	65
5916	62
3664	53
584	9
4454	57
608	9
1614	31
7753	78
840	12
7429	25
3120	10
4080	41
619	1
138	3
4305	41
2412	41
3634	49
2817	27
1986	36
5933	77
269	4
2827	40
5695	46
3331	45
5721	72
5488	74
4824	65
6999	72
366	6
6393	72
373	6
7018	72
4351	18
3722	17
7664	82
8037	81
7745	67
3815	45
3027	43
3204	42
1601	32
3160	15
5573	27
4832	66
501	7
4200	55
4746	33
4307	46
1500	24
7688	27
5660	70
2410	41
1063	18
5545	65
2506	42
3990	20
1722	37
6110	22
949	4471
2669	41
6810	77
3661	50
723	4530
795	13
2187	37
3881	37
883	10
65	3
1501	27
1186	25
8114	25
6208	34
2556	40
6107	22
1561	31
6617	76
2409	7
4858	15
3048	49
3312	47
5555	28
5114	65
4059	48
1026	18
3268	37
7734	22
5589	68
5773	61
5943	45
3167	47
7126	32
8199	57
2290	37
4763	64
563	4455
3021	49
414	5
7483	81
5335	72
2089	38
6921	74
7172	80
1302	26
2318	11
6180	76
4001	57
982	18
2724	21
1210	26
3086	45
8055	83
2839	35
6080	26
6626	75
8056	83
5303	35
1623	31
6836	77
2947	45
5776	74
4488	62
2139	13
8252	66
3020	43
1178	3
2163	11
1521	30
1497	29
7765	24
5189	65
2121	5
7376	76
6691	24
7842	79
5587	70
7602	25
3973	34
1089	7
4344	15
8119	84
553	6
5789	74
5138	69
8001	54
4295	63
2129	36
604	9
8012	77
3529	53
2862	37
5371	25
7445	540
1142	19
209	3
943	14
3995	49
2753	10
3767	25
3271	24
3515	23
2083	11
6257	26
4393	20
2962	48
5238	56
6822	78
1206	25
5842	53
1481	29
1394	29
5643	26
7586	71
4866	17
6866	81
6848	34
2988	46
4575	62
1338	26
85	3
4401	51
6884	81
3506	22
6461	74
6196	26
3400	29
1037	16
5536	64
7630	20
5835	78
2298	34
7540	26
640	4
6072	68
3727	48
1911	38
565	4
6093	73
1542	30
307	4
1345	27
2076	42
4692	63
7995	81
5535	75
2072	36
4247	57
337	5
5222	70
892	12
6123	77
3366	41
3624	44
8233	83
2561	38
7192	75
7246	37
1745	37
4337	40
4016	42
227	6
1512	3
8101	80
6207	33
5726	31
1616	29
2917	18
1568	10
5015	60
1287	9
798	12
54	2
3434	10
2668	41
7861	79
2256	36
3438	2800
7021	77
3344	47
3893	14
6601	79
504	6
3233	37
966	15
6572	81
2851	44
5500	68
6518	70
8187	76
1058	17
6995	79
1104	12
4427	55
3246	48
897	10
1225	22
2270	31
4860	12
525	2
4783	20
2000	37
5123	63
1549	29
2757	37
657	9
4705	60
5053	66
1038	17
2910	8
4790	69
2583	43
2825	14
2343	39
606	4
1697	34
6911	44
5735	21
3274	45
6795	68
253	6
7874	23
4492	61
2438	40
2329	42
7299	79
1867	23
3186	41
3456	53
3817	14
3158	29
7317	70
637	10
3469	46
350	6
4821	37
1152	23
4166	62
4869	47
2062	39
8222	68
5047	60
7813	83
7942	81
2137	38
5576	67
3188	8
1952	39
1738	36
282	6
829	2
2283	40
7337	71
1876	15
3673	45
4595	55
2352	35
6698	79
2463	5
4767	32
4596	60
4862	17
6815	64
246	2
4979	65
6416	63
5269	73
4348	39
2717	42
1081	19
1706	38
2815	44
7976	84
6962	60
5032	52
1499	29
6579	68
5456	22
811	13
2904	38
7901	74
3580	44
3949	52
3127	46
4533	46
5805	68
6575	81
1403	30
1442	30
3691	54
8181	60
2401	23
314	6
4894	66
2209	36
4254	18
511	3
4183	15
1198	22
2821	42
2946	23
7546	39
4064	48
991	16
4267	48
3942	16
6376	27
1320	23
4456	45
409	7
76	2
2824	37
308	6
5708	73
2647	23
3011	49
2977	2564
6182	72
1810	34
4261	58
7072	23
6098	72
6594	78
4777	18
7419	77
7180	74
4369	51
2399	40
4006	49
1742	33
4969	67
5487	60
1393	32
2940	41
7349	76
7131	77
557	8
4819	56
8180	60
7986	77
7916	84
1306	27
7389	76
1311	26
3357	42
4346	39
2731	29
3685	50
2153	39
5988	75
6745	49
4469	58
382	3
1290	24
2004	36
68	3
2938	36
432	6
1322	24
1351	3633
2385	42
6509	81
1808	38
611	9
5295	70
1881	39
8153	76
7008	72
6270	68
3314	47
2044	23
8168	78
6456	77
6819	82
2866	18
620	4
4063	56
3927	56
940	7
7442	33
5467	21
1670	29
7135	77
4946	23
4255	57
751	13
1899	36
7758	84
8186	24
3979	52
7645	85
5633	64
3012	46
6835	77
4335	53
387	1
7096	24
7037	63
6203	26
5722	55
3642	49
6663	28
2054	35
4896	23
2685	43
7735	30
241	6
5013	70
842	12
733	13
5830	21
5119	69
6909	68
4272	20
2002	7
1980	40
6727	70
5768	74
5525	55
4326	63
6175	74
1489	31
2368	40
7992	71
5035	67
5144	1793
1937	20
5479	72
2671	8
5043	25
457	5
3636	51
2404	41
8072	67
4748	57
260	6
1611	16
1257	26
5982	73
217	6
891	13
6665	71
3943	48
6029	77
700	11
6524	60
8027	32
5404	69
4100	17
5018	68
5106	70
4219	56
3343	48
2888	43
8248	30
3969	43
4328	57
5092	68
7950	79
2637	34
1761	38
1846	33
2577	42
4662	61
4329	46
6804	81
6214	68
8054	83
792	12
1312	26
644	11
1321	10
5284	68
4313	28
8244	64
183	5038
3391	46
4106	37
2774	39
7059	31
2682	43
551	3
249	4
7538	26
1825	36
1126	19
3277	50
1029	5
3222	7
132	4
665	10
2012	41
2243	7
4220	35
2498	42
4433	52
4615	47
2693	40
7663	82
5110	65
2189	37
6242	76
3888	966
6780	74
7891	60
3242	42
4256	58
668	12
2384	36
1956	37
3516	34
6738	28
3801	39
4097	56
6063	73
2496	41
6035	70
2564	37
762	11
4882	56
5005	18
7049	73
6348	69
2766	44
38	1
684	10
6397	72
4299	51
4700	63
5398	72
8204	33
2926	15
1559	31
931	16
992	17
2651	40
7809	80
4145	2411
7676	77
4883	58
721	1
7166	69
1842	36
5820	64
2251	40
753	13
1721	38
3885	55
7870	22
5690	78
678	2
8104	80
1906	38
3680	52
910	12
7306	38
5810	69
2612	41
8189	61
6755	31
4834	66
1530	28
1888	36
841	5
7120	34
5864	35
3667	38
2235	34
396	6
4641	58
7064	25
3837	55
6968	32
7082	79
8196	67
5527	71
3034	48
924	3
4751	67
1329	15
3811	13
1200	26
3845	59
3878	18
667	10
3694	17
6654	61
5914	66
1392	31
4609	15
3527	47
7508	34
5610	67
4681	54
2497	37
1255	26
110	1
3794	56
7800	54
1655	33
7687	44
4551	62
6608	65
5153	62
1848	36
1677	33
3707	42
5132	69
5973	28
294	2
4076	46
1930	38
4756	59
7227	55
5358	68
5091	68
718	11
864	12
7754	79
5949	72
2512	37
1924	14
2005	38
4452	29
1068	4249
3494	19
937	13
4332	13
4134	33
3761	51
4668	53
2993	7
4035	20
5352	66
3073	46
5448	41
7327	79
7490	82
218	5
2584	43
4893	65
1641	33
1615	25
142	2
1979	37
39	1
3737	15
418	6
3303	49
1838	32
7493	25
3952	56
212	5
1714	38
4414	58
6201	34
1880	34
2297	38
1276	9
8227	22
6442	77
6793	67
2968	42
51	1
922	14
2125	41
2488	37
7300	79
4292	56
4794	69
4516	54
1368	20
874	13
7698	75
2051	39
4120	59
6768	59
7260	70
2981	45
1439	29
4626	65
3278	34
1252	23
7237	79
950	18
3781	55
7923	81
930	6
2280	38
8053	75
3842	56
696	11
3094	44
734	13
2850	44
5296	52
1007	17
4403	17
3272	49
823	12
6415	78
6600	79
4555	1865
3659	51
1041	12
6223	65
2793	38
7187	68
4526	59
6618	80
2024	35
7720	39
192	4
8069	72
7347	76
7750	54
5064	47
4750	68
34	1
4266	49
4243	14
1707	34
6181	67
6726	58
6960	60
2008	34
7524	71
5841	34
2193	38
389	4
1079	20
6059	23
1158	21
1432	21
1604	33
1533	3
7949	79
1027	16
2761	36
3519	53
5363	23
1649	36
7907	73
7373	75
4633	57
2848	44
5083	52
152	5
263	4
5387	20
3292	44
6781	45
5871	73
5823	68
6998	72
180	4
6517	74
3241	19
4316	56
2482	41
6082	42
1777	24
179	4
6032	74
2748	41
7170	78
370	6
3760	54
8263	33
1139	22
6409	27
2345	39
126	3
3288	45
3136	50
876	15
1529	17
3019	43
5553	65
4236	16
4976	60
4466	17
3681	15
390	6
3040	29
2349	42
304	6
20	1
7877	83
1782	34
498	1
7814	49
6179	72
1678	18
2762	11
6528	81
6527	81
6912	67
7282	83
2834	45
3914	16
3321	2921
2736	12
2294	7
2267	3547
6719	75
5477	70
1235	21
6149	21
7525	71
3686	46
2427	41
2555	41
2214	42
4285	58
7887	79
358	6
7534	28
1052	12
3207	24
1458	32
3046	40
3865	52
567	7
2448	40
7352	78
4627	63
5745	23
7875	79
646	6
6038	69
5986	72
6413	34
1517	23
7301	79
7955	81
5396	64
1965	40
3554	35
5100	69
5600	56
1488	8
7070	77
694	1
6410	60
7054	72
5233	41
4847	67
2003	28
7567	24
3042	44
293	4
5682	33
5763	66
4148	58
2528	42
3335	18
683	3
4467	52
2156	37
4989	54
4618	61
7357	59
597	7
5570	17
4443	32
5230	67
5339	21
1892	33
3349	46
5194	67
1768	34
3622	51
6534	33
5288	68
1074	21
1061	13
6861	47
6176	73
3528	46
3097	11
5305	33
7491	25
1793	25
7183	53
8237	83
1294	24
7414	78
1538	31
255	5
83	3
653	10
6543	21
5627	51
5180	66
7477	23
2790	28
4652	44
8098	80
6818	76
4786	25
3971	24
5680	77
5925	76
6632	80
3578	44
37	1
221	5
5097	69
1062	20
4015	50
5072	66
5684	68
5813	72
6392	72
1301	25
1917	37
6749	26
3412	37
618	9
3774	11
7265	73
3052	19
4857	15
1822	34
449	2
6644	61
6639	72
2864	32
6139	78
3436	44
788	12
8253	66
3202	31
3591	53
4260	59
2545	43
3033	48
7733	80
3369	13
1231	22
1247	22
7450	80
240	1
1109	12
1982	21
5778	21
3377	49
7111	76
323	4
6224	24
5917	38
446	5
451	2
2184	39
4550	2050
6550	40
4771	18
5562	37
2530	7
8089	38
4361	54
5944	75
1269	4
987	18
2691	38
6508	81
2198	42
3152	25
1593	32
964	15
2618	28
6774	71
5392	61
7886	79
6938	30
995	16
1563	2389
2503	37
3966	42
8293	68
6492	75
2733	40
835	10
6216	73
2188	31
7400	81
3784	11
6714	64
7727	79
3693	17
6206	27
772	13
7755	44
7533	24
5816	56
806	10
8282	76
2936	31
3855	55
6432	67
7849	82
16	1
5983	72
2330	38
8083	83
1296	26
1691	37
4324	56
2259	40
7402	76
1327	8
4041	52
3585	52
3557	43
4475	20
1421	30
7835	80
328	2
7012	80
1589	29
692	11
181	1
703	4
6950	26
7940	81
5604	54
4527	54
4248	53
7099	74
5590	39
8108	25
4779	874
5617	18
8131	82
3543	50
5079	59
2991	30
3629	14
7684	55
6004	63
5385	74
4079	23
3571	47
1873	33
4704	63
2462	33
1940	6
1213	25
7254	23
7290	20
4123	53
4665	64
299	4
832	11
7359	30
1017	15
4785	69
6280	42
5494	30
3748	54
2341	42
742	13
6036	25
4694	63
2068	31
3318	12
6133	75
7149	27
5784	49
7129	77
6532	27
3619	48
5897	76
1397	29
3919	35
1569	6
4245	38
222	5
2544	40
905	11
1692	36
8212	77
2876	25
1187	13
1683	37
6915	31
1534	33
4764	68
5117	38
1896	32
6445	78
495	5
157	4
3392	45
2144	38
4489	48
5940	69
8084	78
5140	73
6450	80
5855	69
555	8
3813	56
3805	54
1605	32
1710	32
4206	46
4153	57
2953	44
58	3
538	7
1787	33
6670	27
1944	22
3164	29
6916	49
2286	41
6321	25
1226	22
6958	60
7421	73
5913	68
4055	60
5334	33
1494	29
7599	48
3187	41
5718	74
3085	49
5852	77
6634	60
2435	40
1082	20
5840	34
7404	78
7136	23
4450	41
6933	26
5426	16
416	7
3006	44
5781	74
7505	81
6430	67
2772	42
4813	66
5475	64
2642	9
3553	45
3802	50
8265	87
6951	58
6787	63
1132	24
8000	54
5089	65
6092	74
1597	28
1400	14
6088	19
3022	43
4408	22
4532	62
2473	38
1693	38
3009	48
3535	50
8152	71
7529	72
6306	70
850	13
556	8
1370	3090
2110	36
5201	69
2933	31
74	3
1735	32
1717	31
8091	74
1234	24
3538	26
3282	43
5521	72
1280	10
2300	38
5598	73
5653	74
6047	15
4051	14
7132	75
2077	40
5362	23
3669	20
520	5
8245	64
1978	37
8296	27
5241	29
5280	68
6147	66
3174	42
376	5
7938	83
5287	22
4805	69
5743	68
1272	9
1468	33
6723	26
4181	12
6824	24
3987	20
2518	41
5907	60
1663	20
5836	75
4924	48
6510	71
3544	48
1228	15
2301	38
1013	7
4229	56
7781	45
3393	40
4242	57
7377	29
6273	61
3224	7
5908	25
5186	68
911	12
1284	24
7006	72
5965	69
7790	70
3493	19
4970	48
4995	30
6344	50
1679	20
2310	10
7935	30
6648	53
7365	22
286	6
7115	76
191	2
6647	61
7715	68
6451	80
4460	31
5391	35
5142	67
7173	70
7522	71
5124	72
325	5
4510	61
1487	31
7222	26
1765	35
1325	24
2441	40
965	3
7028	72
7706	80
8038	27
3087	46
6274	44
5815	71
2042	23
5203	62
2948	45
4187	49
3004	46
592	8
7600	48
1384	30
3522	50
638	9
3616	13
4920	58
2662	35
5807	58
8294	58
5158	37
7626	80
1486	3
7426	35
4096	56
129	1
5438	72
3467	54
1632	28
2674	40
4843	39
4225	18
6307	22
712	13
2741	12
1627	6
1730	30
8142	39
7893	74
2853	8
8111	24
7094	67
6165	68
3579	27
2469	41
295	4
1635	23
7236	57
1409	31
4684	24
5177	63
5328	51
3249	48
839	14
7903	82
4468	18
3427	19
1209	25
4845	1986
4045	58
7536	77
5344	68
5611	60
5301	57
2258	37
4993	21
6954	75
2511	41
6221	72
5155	69
8277	46
3804	17
547	7
2111	41
4379	56
7087	21
5197	67
8121	84
1599	32
5683	55
8070	67
4644	69
166	3
2240	35
7266	69
3429	11
7269	73
2579	43
2664	42
5474	66
6292	77
3757	54
6570	73
2572	43
6330	70
7119	78
2026	35
974	15
5910	22
2335	45
4449	41
5961	74
201	4
3237	30
4012	11
5651	76
819	13
5752	73
6720	57
4416	33
7319	24
7449	351
5461	73
3830	49
6488	81
6794	67
2151	37
6918	71
6045	51
1831	37
7229	57
7604	28
771	8
4372	38
1907	38
2081	37
176	5
429	6
6661	31
6975	62
6484	83
3101	45
8048	83
3238	50
1194	24
5594	37
4743	30
2610	42
3908	20
6271	74
8138	54
6784	73
1419	31
7730	31
8214	49
7394	65
349	5
5215	33
2293	41
215	6
7010	72
1708	32
2466	5
2785	3111
577	9
154	5
779	14
2361	8
6226	20
5421	66
5176	46
4422	59
2568	22
900	14
2801	31
1720	35
146	4
1271	23
3907	54
3705	46
1010	18
4831	20
7009	72
5665	20
7683	71
4458	61
64	1
722	13
6614	79
3947	55
5984	45
6697	79
3439	50
1155	21
5440	74
5607	60
844	14
7721	63
347	3
523	5
3775	48
1425	33
2678	10
3583	51
2625	42
808	2
5939	75
266	6
7431	25
8229	52
5857	69
879	13
113	2
4891	47
4476	47
3423	19
1741	28
121	2
5422	66
1790	35
7617	60
7423	25
1120	18
2212	39
6332	71
109	3
3877	52
6686	32
5070	52
462	3
490	7
4631	17
4545	58
3356	22
2426	23
3296	45
3036	25
666	10
5532	51
5876	61
2739	30
7831	71
1785	33
7484	79
7234	79
4612	63
5298	20
4024	29
5998	71
1024	16
4121	41
7968	33
5548	62
4399	49
8044	78
4370	1161
3071	49
4389	13
2638	9
5833	75
2025	35
7354	68
4884	64
2302	38
94	1
5329	19
4910	62
5250	31
319	6
2960	48
4719	66
2063	36
5885	62
4960	62
3210	50
3495	14
3024	46
7092	71
7232	79
848	12
6752	77
3285	12
4670	53
8275	33
2634	9
4251	55
515	3
827	5
4495	1028
60	2
2148	37
8175	65
4474	45
4511	22
276	5
1359	18
6239	65
2956	17
1973	40
3890	54
2069	21
264	6
2635	34
985	17
4273	58
3023	11
151	4300
3104	12
710	12
5431	69
1551	29
7619	39
2898	43
2149	37
6930	85
5323	37
3355	46
3648	16
7130	77
2350	39
1258	26
7253	56
6396	72
5243	56
3547	9
2950	44
5540	72
6287	70
6112	1142
3900	53
7360	76
4362	50
4435	54
5645	21
6712	84
7841	78
3497	19
1496	31
2237	39
5533	20
6514	76
1875	32
1884	6
5601	22
3371	48
6628	32
3873	53
3791	32
614	9
3383	47
2348	25
5489	72
3114	49
4447	49
3315	49
3652	51
4787	69
2620	44
3106	43
3220	7
6479	71
5902	76
2224	40
1388	31
4224	31
5423	66
4544	32
2034	35
5229	67
6699	79
4851	63
2611	36
18	1
7770	85
6772	60
990	16
4487	37
2608	42
4971	67
7652	34
4985	60
1141	23
3404	51
6649	71
2796	39
