3,3582
4,2782
5,3259
6,3610
7,3586
8,3511
9,3405
10,3538
11,4021
12,3154
13,3014
14,2792
15,3216
16,3583
17,3244
18,3568
19,3666
20,3224
21,3553
22,3584
23,3521
24,3562
25,3230
26,3553
27,3923
28,3570
29,3612
30,3281
31,2900
32,2498
33,3835
34,3749
35,3845
36,4092
37,3523
38,3848
39,3369
40,3277
41,3308
42,3711
43,3306
44,3885
45,3163
46,3819
47,2775
48,3283
49,3638
50,3782
51,2773
52,3853
53,3447
54,3846
55,3658
56,3270
57,3186
58,3691
59,3818
60,3540
61,3849
62,3601
63,3634
64,1845
65,3712
66,3945
67,3314
68,3129
71,3045
72,2952
73,3068
74,3549
75,3705
76,3473
77,3448
78,2852
79,2886
80,3533
81,2867
82,3340
83,3372
84,3859
85,3859
86,3578
87,3387
88,1701
89,4064
90,3348
91,3209
92,3375
93,3288
94,1999
95,1982
96,2609
98,3290
99,3632
100,3103
101,3424
102,3407
103,3830
104,2829
105,3646
106,3039
107,3172
108,2492
109,3313
110,3443
111,3514
112,2036
113,3536
114,2036
115,3594
116,2998
117,3422
118,3422
119,3422
120,2702
121,3000
122,3511
123,3422
124,3366
125,3572
126,2853
127,3140
128,2816
129,3612
130,3645
132,3253
133,3888
134,2846
135,3698
136,3368
137,3230
138,3674
139,3083
140,3310
141,3230
142,2629
143,4019
144,2227
145,3521
146,3884
147,3827
149,3317
150,3265
151,3232
152,3460
153,1856
154,3656
155,3547
156,3322
157,3095
158,2777
159,3867
160,3867
161,3564
162,3795
163,3791
164,3809
165,3743
166,3099
167,2404
168,3791
169,3635
171,3270
172,3663
173,3966
174,2411
175,3089
176,3792
177,3287
178,3992
179,3406
180,3560
181,3100
182,3059
183,3903
185,3418
187,3466
188,3249
189,3229
190,3250
191,2618
192,2018
193,3415
194,3173
195,2564
196,2564
197,3214
198,2564
199,2996
200,2564
201,3485
202,2597
203,3075
204,3328
205,3209
206,2564
207,2564
208,2927
209,3371
210,2564
211,1911
212,3531
213,2398
214,3133
215,3854
216,3587
217,3955
218,3759
219,3856
221,3472
222,2713
223,2898
224,3621
225,3645
226,2700
227,3827
228,3806
230,3252
231,3474
232,3327
233,3645
234,3645
235,3750
236,3691
237,2889
238,3452
239,3645
240,3263
241,3464
242,2787
243,2856
244,3082
245,2555
246,2612
247,2300
248,1875
249,3229
250,3879
251,3579
252,3813
253,3769
254,3166
255,3696
256,2758
257,3632
258,3566
259,3394
260,3382
261,3479
263,3089
264,3816
265,3824
266,3768
267,3816
268,3973
269,2570
270,3679
271,3713
273,3317
274,3804
275,3729
276,3175
277,1797
280,3845
282,3465
283,3289
284,3092
285,2691
286,3696
287,1844
288,1844
289,1844
290,3171
291,3438
292,3832
293,3407
294,2093
295,3184
296,2770
297,2093
298,4044
299,3373
300,3102
301,3518
302,2430
303,3628
304,3450
305,2802
306,3697
307,3646
308,3810
309,3199
310,3917
311,3710
312,3731
313,3118
314,3599
315,3366
316,3709
317,3482
318,3544
319,4074
320,2950
321,3533
322,3021
323,3668
324,2833
325,3419
326,3130
327,3747
328,3165
329,2779
330,1787
331,3000
332,4061
333,3731
334,3897
335,3588
336,3627
337,3795
338,3845
339,3606
340,3359
341,2305
342,3824
343,3233
344,3902
345,3217
346,2985
347,3055
348,3596
349,3369
350,3992
351,3345
352,3324
353,2601
355,2061
356,3391
357,3750
358,3577
359,2199
362,3663
363,3818
364,3389
365,2889
366,3091
367,2888
368,2098
369,1777
370,3604
371,3682
372,3482
373,3769
374,3809
375,3835
376,3520
377,3684
378,3605
379,3526
381,3259
382,3077
383,2724
384,3077
386,3391
387,2923
388,3392
389,2944
390,3617
391,3779
392,3578
393,4015
394,3881
395,3700
396,3767
397,3596
398,3712
399,3893
400,3379
401,3596
402,3412
403,3862
404,3712
405,3405
406,3528
407,2912
408,3596
409,3620
410,3023
411,3596
412,3890
413,3596
414,3534
415,3768
416,3302
417,3035
418,3474
419,3422
421,3487
422,3310
423,3130
424,3909
425,3358
426,2915
427,3438
428,2683
429,3765
430,3400
431,3653
432,4098
433,3642
434,3733
435,2581
436,3500
437,3500
438,4164
439,3769
440,3700
441,4164
443,3716
444,3740
445,3687
446,3716
447,3020
448,1869
449,2803
450,1869
451,1869
453,2257
454,3048
455,3329
456,2936
457,3560
458,3573
460,3737
461,3786
462,3662
463,2158
465,3988
467,3431
468,2761
469,2796
472,3823
473,3824
476,2486
477,2227
479,2964
480,3264
481,3264
486,1698
488,3805
489,2656
490,3828
492,3588
493,3130
494,3631
495,2998
497,2483
498,2714
499,2998
501,3708
502,3121
504,3823
506,2127
507,3229
509,3534
511,3098
513,2975
514,3264
515,2529
516,3299
517,2947
519,3529
520,3529
521,3378
522,3529
523,3529
524,3186
525,1858
527,3828
528,3828
529,3828
530,3173
531,1728
532,1921
534,2902
536,2785
538,3563
539,4156
540,3913
541,3804
542,3475
543,3867
544,4156
545,3599
546,3292
547,3867
548,3867
549,3913
550,3867
551,1758
552,3303
553,3225
554,3060
555,3526
556,3593
557,4014
558,4014
559,4122
560,3786
561,3223
562,3711
563,3711
564,3439
565,2449
566,3348
567,3376
568,3593
569,3593
570,3156
571,3593
572,2403
573,3593
574,3133
575,4035
576,3680
577,3680
578,3680
579,3919
580,3907
581,3447
582,3206
583,2589
584,3268
585,3873
586,3210
587,3210
588,3803
589,3458
590,3599
591,4014
592,3393
593,3571
594,3571
595,3247
596,2085
597,3656
598,3519
599,3519
600,3426
601,3083
602,3866
604,3669
605,4075
606,2513
607,3862
608,3463
609,3787
610,1901
611,3585
612,4018
613,3673
614,3286
615,3414
616,2984
617,3769
618,3059
619,2196
620,3048
621,2335
622,3682
624,3950
625,3492
626,3618
627,4124
628,3885
631,3657
632,3725
633,3851
634,3106
635,3182
636,3394
637,4022
638,3725
639,3157
640,3099
641,3345
642,3794
643,3400
644,3862
645,2968
646,3230
647,3798
648,2146
649,2510
650,3674
651,3821
652,4164
653,4101
654,3983
655,1662
656,3710
657,3550
658,3877
659,3393
661,3739
662,3941
663,3487
664,3109
665,2833
666,3536
667,3915
668,3872
669,3012
670,2355
672,4088
673,3719
674,3667
675,3938
676,1595
677,3623
678,1554
679,3328
681,3924
682,2588
683,1673
684,3919
686,2786
687,1760
688,3545
689,2991
690,4306
691,3848
692,3906
693,2047
694,1966
695,3069
696,3634
697,3699
698,2914
699,3023
700,3805
701,3221
703,2315
704,3540
705,3060
706,3187
707,3523
708,3271
709,3305
710,3533
711,3305
712,3537
713,4089
714,2046
715,3636
716,3985
717,3076
718,3985
719,3701
720,3985
721,1834
722,2899
723,3689
724,3511
725,3823
726,3603
727,2964
728,3273
729,3652
730,3570
731,3652
732,3514
733,3725
734,3652
735,3652
736,2986
737,3410
738,3371
739,3269
741,2518
742,3771
743,4113
744,3468
745,4011
746,3797
748,3721
749,3951
750,3824
751,3676
752,3676
753,3676
754,2477
755,1953
756,3202
758,4223
759,3023
760,3660
761,2987
762,2976
763,3338
764,3719
765,3431
766,3787
767,3760
768,2927
769,3286
770,3658
771,3192
772,3690
773,4217
774,4217
775,3895
776,4217
778,1684
779,3939
780,3017
781,3154
782,3441
783,3327
784,3337
785,3327
786,2783
787,2456
788,2653
789,3011
791,3295
792,3555
793,3723
794,3307
795,3599
796,3652
797,2861
798,3794
799,3922
800,3033
801,3082
802,3582
803,3884
804,3864
805,3311
806,3601
807,4091
808,2960
810,2805
811,3769
812,4268
813,3701
814,3677
815,3868
816,3337
817,3843
818,4150
819,4368
820,3485
821,4368
822,4128
823,3301
824,2316
825,3644
826,3708
827,2088
829,1763
830,3548
831,3316
832,3142
835,3342
836,4042
837,3778
838,2701
839,3739
840,3443
841,2324
842,3181
843,3713
844,3329
845,3258
847,3258
848,3162
849,3268
850,3623
851,3812
852,2832
853,3592
854,3422
855,2296
856,2827
857,3297
859,3719
860,3638
861,3955
862,4153
863,3487
864,3805
865,2421
866,2822
867,4292
868,3970
869,3594
870,3566
871,3871
872,3089
873,3513
874,3481
875,1921
876,4333
877,3548
878,4013
879,3313
880,3994
881,3620
882,3230
883,2898
885,3521
886,2768
887,3616
888,3954
889,3954
890,3954
891,3954
892,3823
893,3264
895,3470
896,2957
897,2856
898,2925
899,3433
900,3416
902,2673
903,2233
904,2889
905,3805
906,2045
907,3944
908,3918
909,3264
910,3851
911,3232
912,3326
913,3606
914,2733
915,2970
916,3677
917,3902
918,3793
919,3902
920,3184
921,3465
922,3670
923,2160
924,2160
926,3370
927,1955
928,3048
929,3400
930,2504
931,3401
932,3626
933,2603
934,1836
935,4020
936,3795
937,3434
938,1688
940,3100
941,3731
942,3413
943,3621
944,3924
945,3744
946,3546
947,3726
948,4004
949,3636
950,4011
951,1574
954,2234
955,3390
956,3489
957,3779
958,3794
959,3505
960,3812
961,3086
962,4228
963,2721
964,3686
965,2196
966,2812
967,3680
968,4086
969,4122
970,2995
971,3079
972,3610
973,3359
974,3623
975,4037
976,3706
977,3309
978,3062
979,2522
980,2732
981,3554
982,3439
983,2089
984,2701
985,3496
986,2907
987,3612
988,3474
989,2844
990,3580
991,3254
992,3739
993,3796
994,3448
995,3906
996,3552
998,3064
999,3679
1000,3492
1001,3526
1002,3526
1003,3560
1004,2585
1005,2132
1006,3609
1007,3459
1008,2809
1009,3814
1010,3940
1011,3037
1012,1518
1013,2737
1014,2909
1016,2617
1017,3591
1018,3809
1019,3591
1020,2074
1021,3526
1022,3933
1023,3515
1024,2762
1025,3526
1026,2996
1027,3951
1028,3589
1029,1793
1030,3621
1031,3696
1032,3779
1033,3143
1034,3910
1035,3771
1037,2577
1038,3821
1039,3490
1040,4154
1041,3038
1042,3403
1043,3633
1044,3531
1045,3803
1046,2475
1047,3803
1048,3640
1049,3885
1050,2149
1051,3706
1052,3249
1053,3226
1055,2955
1058,3881
1059,3865
1060,2619
1061,3138
1062,4014
1063,3952
1064,3071
1065,3979
1066,3999
1067,2448
1068,3982
1070,3943
1071,3943
1072,3943
1074,3144
1075,3347
1077,2457
1078,3715
1079,4189
1080,1923
1081,4101
1082,3767
1083,4069
1084,2832
1085,3053
1086,3945
1087,2733
1088,3969
1089,2757
1090,3904
1092,1758
1093,3770
1094,3770
1095,3364
1096,2635
1097,3701
1098,3429
1099,2960
1100,2409
1101,2635
1102,3130
1103,3869
1104,2944
1105,2588
1106,3105
1107,2944
1108,2944
1109,2944
1110,2944
1111,3110
1112,2944
1113,2741
1114,3619
1115,3589
1120,3895
1123,3203
1124,4021
1125,3460
1126,3661
1127,3682
1128,3930
1129,2698
1130,3843
1131,3352
1132,3192
1133,3153
1134,3774
1135,3428
1137,3513
1138,2883
1139,3948
1140,2181
1141,3686
1142,2720
1143,3799
1144,3631
1145,3828
1146,4041
1147,4110
1148,3512
1150,3992
1151,3469
1152,3648
1154,2994
1155,3847
1156,3241
1157,2958
1158,3847
1159,3010
1160,3284
1161,2650
1164,3325
1165,3560
1166,2549
1167,2924
1168,3966
1169,2643
1170,4039
1171,3975
1172,3975
1173,3975
1174,3975
1175,3975
1176,3975
1177,1966
1178,1966
1179,2705
1180,1966
1181,1966
1182,3084
1183,2961
1184,3118
1185,3428
1186,3373
1187,2542
1188,3857
1189,4135
1190,3649
1191,2844
1192,2411
1193,3447
1194,3871
1195,3734
1196,3358
1197,4287
1198,3408
1199,2986
1200,3621
1201,3278
1202,3569
1203,3872
1204,3714
1205,4254
1206,4254
1207,3244
1208,4254
1209,4254
1210,3868
1211,2906
1212,2551
1213,4254
1214,4141
1215,2777
1216,4254
1218,3493
1219,4027
1220,3549
1221,4007
1222,3686
1223,4226
1224,4226
1225,4226
1226,4226
1227,4226
1228,3109
1229,4226
1230,3727
1231,4226
1232,2681
1233,3368
1234,3889
1235,3335
1236,3300
1237,3914
1238,4226
1239,3869
1240,1857
1241,3741
1242,3476
1243,3571
1244,3789
1245,3927
1246,3679
1247,3546
1248,3582
1250,3870
1252,3994
1253,3585
1254,4507
1255,4507
1256,4507
1257,4507
1258,4507
1259,3777
1260,1343
1261,2584
1262,4139
1264,4278
1266,1856
1267,3909
1268,1563
1269,1563
1270,2330
1271,4190
1272,2621
1273,2621
1274,2621
1275,2621
1276,2621
1277,1997
1278,3012
1279,3565
1280,2856
1281,3931
1282,3798
1284,3789
1285,3655
1286,3694
1287,2234
1290,2997
1291,3854
1292,3221
1293,3212
1294,4188
1295,4188
1296,3900
1297,3017
1298,2304
1299,2978
1300,3331
1301,3947
1302,4279
1303,4279
1304,4279
1305,3392
1306,3946
1307,3342
1308,4207
1309,4271
1310,3919
1311,4231
1312,4271
1313,1486
1314,4389
1315,2827
1316,3809
1317,4389
1318,4162
1319,3440
1320,3754
1321,2591
1322,3156
1323,2824
1324,2494
1325,3964
1326,3837
1327,1927
1328,2420
1329,3106
1330,3729
1331,3237
1332,4228
1333,3681
1334,4039
1335,2649
1336,2418
1337,4039
1338,4008
1339,3240
1340,3851
1341,3973
1342,3285
1343,3672
1344,3763
1345,4039
1346,2965
1349,2777
1350,3507
1351,3924
1352,3661
1353,3780
1354,2554
1355,3814
1356,2975
1357,3730
1358,2719
1359,2809
1360,3577
1361,2129
1362,2960
1365,3726
1366,3937
1367,2897
1368,2138
1369,2879
1370,2879
1372,3709
1373,3527
1374,2853
1375,3761
1376,4152
1377,3862
1378,3697
1379,4152
1380,3306
1381,3192
1382,3458
1383,4273
1384,3389
1385,2838
1386,3396
1387,4280
1388,4076
1389,3853
1390,3524
1391,3619
1392,3684
1393,3780
1394,2961
1395,3534
1396,3767
1397,4278
1398,4278
1399,4278
1400,2492
1401,4198
1402,3757
1403,3707
1404,4377
1405,4377
1406,3454
1407,3735
1408,4377
1409,4377
1410,4377
1411,2429
1412,3886
1413,3731
1416,3733
1418,3954
1419,3680
1420,3754
1421,3066
1422,4265
1423,3405
1424,2791
1425,3731
1426,4362
1427,4022
1428,3227
1429,2197
1430,4022
1431,4362
1432,3015
1433,4113
1434,3946
1435,1720
1436,3492
1437,2906
1438,4305
1439,3721
1440,3833
1441,2925
1442,3154
1443,4121
1444,4057
1445,4419
1446,4006
1447,4004
1448,4196
1449,4196
1450,4196
1451,4243
1452,4017
1453,3096
1454,4240
1455,4240
1456,4240
1457,4192
1458,4240
1459,4240
1460,4240
1461,4240
1462,2919
1463,2486
1464,3398
1465,3723
1466,3680
1467,3068
1468,3654
1469,3108
1470,2954
1471,2997
1472,1964
1473,3310
1474,4489
1476,3510
1478,2119
1480,3440
1481,4311
1482,3682
1483,3374
1484,3627
1485,1929
1486,1857
1487,3897
1488,2235
1489,3328
1490,3810
1492,3810
1493,2011
1494,3676
1495,3728
1496,3605
1497,3127
1498,3479
1499,2887
1500,2545
1501,3153
1502,4325
1503,3312
1504,3724
1505,2598
1506,3558
1507,3805
1509,4407
1510,1955
1511,1403
1512,1604
1513,3271
1514,3219
1515,3831
1516,3831
1517,3831
1518,3963
1519,4382
1520,3715
1521,3479
1522,2540
1523,4462
1524,3871
1525,3400
1526,3698
1527,1481
1528,4434
1529,2670
1530,3469
1531,3894
1532,2651
1533,1309
1534,3845
1535,4196
1536,4250
1537,3717
1538,3519
1539,2643
1540,3858
1541,3858
1542,3769
1543,1787
1545,1787
1546,1787
1547,3426
1548,2803
1549,3239
1550,3113
1551,3997
1552,2627
1553,2575
1554,3107
1555,3711
1556,3857
1557,1764
1558,3266
1559,3266
1560,3874
1561,4253
1563,2418
1564,2642
1565,3655
1566,3690
1568,2697
1569,2535
1570,3373
1571,3663
1572,2426
1573,3536
1574,4464
1575,4464
1576,3652
1578,4557
1579,4557
1580,3899
1581,2655
1582,3189
1583,3329
1584,4278
1585,3467
1587,3690
1588,4559
1589,3060
1590,4338
1591,4338
1592,3326
1593,3764
1594,2719
1595,3961
1596,2611
1597,3012
1599,4034
1600,1946
1601,4027
1602,4092
1603,3313
1604,4019
1605,3992
1606,4116
1607,3915
1608,3555
1609,4074
1610,3268
1611,3660
1612,1557
1613,3616
1614,3469
1615,2781
1616,3860
1617,4251
1618,3432
1619,3874
1620,4185
1621,3625
1622,3329
1623,3484
1625,4145
1626,4368
1627,1647
1628,3729
1629,3858
1630,4271
1631,3106
1632,3802
1633,3195
1634,3605
1635,3605
1636,2147
1637,3419
1638,3409
1639,3919
1641,3615
1642,4197
1643,4197
1644,2819
1645,4303
1646,3915
1647,3033
1648,3314
1649,3785
1650,4137
1651,4121
1652,3315
1653,3855
1654,3587
1655,4416
1656,4416
1657,3339
1658,3679
1659,3920
1660,3920
1661,3056
1662,3294
1663,2353
1664,3809
1665,3908
1666,3908
1667,3020
1668,4098
1669,3748
1670,2456
1671,4254
1672,3813
1674,3444
1675,4139
1676,4290
1677,3946
1678,2413
1679,2758
1680,2701
1681,4111
1682,3990
1683,4389
1684,4038
1685,4213
1686,3970
1687,1891
1688,3992
1689,3812
1690,3708
1691,3487
1692,3755
1693,4123
1694,4408
1695,4408
1696,2933
1697,3357
1698,4408
1699,4408
1700,2972
1701,3534
1703,3915
1704,3915
1705,3496
1706,3811
1707,3621
1708,3915
1709,2463
1710,3915
1711,2296
1712,4276
1713,4276
1714,3971
1715,3814
1716,2263
1717,3150
1718,2648
1719,3198
1720,3360
1721,4547
1722,3939
1723,3925
1724,4547
1725,4547
1726,3932
1728,2544
1729,3843
1730,3142
1731,1960
1732,3155
1733,3618
1734,3364
1735,4041
1736,3934
1737,3472
1738,4025
1739,3934
1740,2118
1741,3145
1742,3169
1743,4565
1744,3001
1745,4565
1746,3925
1747,3583
1748,2422
1749,2954
1751,2206
1752,3590
1753,4481
1754,3461
1755,4481
1756,3054
1757,2091
1758,3598
1759,2627
1760,4649
1761,4292
1762,3224
1763,2836
1764,3164
1765,4116
1766,2429
1767,3244
1768,3674
1769,3931
1770,1598
1771,1918
1772,3336
1773,1418
1774,3802
1775,4029
1777,2796
1778,3308
1780,2510
1781,3794
1782,4235
1783,3295
1784,4537
1785,4537
1787,2973
1788,3813
1789,3848
1790,4392
1791,3551
1792,3149
1793,2880
1794,2238
1795,3274
1796,3225
1797,3876
1798,2999
1799,3437
1800,3863
1802,3811
1803,3685
1804,4479
1805,2858
1806,4479
1807,3222
1808,3526
1809,4190
1810,4479
1811,3507
1812,2457
1813,3108
1814,3313
1816,3700
1819,1746
1820,3355
1821,2828
1822,2983
1823,3090
1825,4244
1826,4244
1827,4285
1828,4056
1829,4245
1830,4326
1831,4326
1832,3808
1833,2911
1834,4244
1835,3347
1836,3198
1837,2300
1838,3317
1839,1885
1840,2057
1841,1885
1842,3119
1844,3620
1845,3620
1846,3620
1847,3704
1848,3727
1849,2457
1852,2354
1853,2354
1855,3052
1856,4334
1857,2966
1858,3896
1859,3131
1860,1839
1861,2918
1862,2357
1863,2161
1864,2573
1865,2858
1866,3533
1867,3791
1868,3205
1869,4252
1870,4345
1871,4345
1872,2864
1873,4345
1874,1951
1875,3084
1876,2169
1879,3573
1880,3678
1881,4610
1882,4610
1883,4610
1884,1498
1885,3170
1886,2964
1887,4120
1888,3583
1889,4590
1890,4080
1891,3281
1892,3826
1893,3847
1894,4591
1895,4591
1896,3079
1897,4147
1899,3778
1900,4137
1901,3500
1902,4423
1903,3707
1905,4651
1906,4651
1907,4651
1908,3907
1909,4651
1911,4651
1912,4213
1913,4651
1914,4162
1915,2480
1916,4430
1917,4430
1918,2898
1919,3198
1920,2561
1921,4409
1922,2760
1923,2718
1924,2161
1925,3316
1926,4088
1927,3595
1928,2203
1929,4088
1930,4088
1931,3425
1932,4088
1933,4088
1934,4088
1935,2306
1937,2499
1938,1934
1939,1934
1940,2128
1941,4118
1943,3378
1944,2721
1945,3868
1946,2446
1947,1923
1948,3062
1950,2287
1951,4076
1952,4121
1953,3815
1955,2255
1956,2780
1958,4324
1959,4324
1960,4324
1961,1774
1962,3325
1963,3606
1964,3646
1965,3880
1966,3779
1967,3613
1968,2726
1969,3839
1970,4454
1971,1384
1972,3547
1973,2998
1975,4480
1976,4148
1977,3404
1978,4480
1979,3285
1980,3612
1981,3436
1982,2746
1983,3352
1984,1967
1985,3550
1986,2722
1987,3668
1988,4157
1989,4157
1990,3012
1991,3867
1992,3658
1993,4295
1994,4385
1995,4213
1996,4385
1997,3666
2000,4450
2001,3717
2002,1493
2003,2563
2004,3376
2005,4496
2007,2401
2008,3842
2009,2904
2010,2667
2011,2833
2012,4305
2013,3842
2014,3336
2015,3842
2016,3694
2017,3842
2018,2041
2019,3842
2020,3842
2021,3842
2023,3842
2024,3842
2025,3842
2026,3842
2027,3842
2028,4694
2029,4363
2030,3842
2031,3842
2032,3842
2033,2301
2034,3842
2035,3842
2036,2041
2037,3103
2038,3704
2040,2110
2041,3421
2042,2798
2044,2798
2045,2110
2047,4579
2049,2687
2050,3895
2051,4232
2052,3474
2053,2817
2054,3707
2055,2509
2056,4130
2057,4130
2058,4130
2059,2401
2060,2804
2061,4268
2062,3224
2063,2743
2064,2724
2065,3154
2066,2987
2067,3777
2068,3447
2069,2494
2070,4523
2071,3925
2072,3044
2073,3711
2076,3697
2077,4700
2079,3941
2081,4592
2082,4592
2083,2056
2084,2777
2085,3959
2086,4595
2087,4595
2088,2664
2089,4595
2090,4595
2091,3518
2092,2564
2093,3520
2094,4489
2095,3625
2096,4227
2097,3744
2099,2921
2100,2841
2101,1994
2102,3186
2103,4090
2104,2785
2105,2314
2106,2419
2108,4125
2109,2860
2110,3967
2111,3872
2112,2015
2113,2217
2114,3348
2115,2943
2116,3341
2117,3660
2118,3827
2119,3539
2120,3360
2121,1995
2125,4240
2126,4508
2127,2824
2128,3633
2129,3206
2130,3893
2131,4508
2132,4508
2133,3469
2134,3776
2135,3562
2136,4693
2137,3892
2138,4516
2139,2363
2141,4225
2142,4216
2143,4258
2144,3065
2145,3365
2146,4258
2147,4258
2148,4258
2149,4233
2150,4258
2151,2989
2152,2181
2153,4053
2155,4273
2156,3002
2157,2963
2159,2153
2160,2630
2161,2487
2163,1923
2164,1986
2165,3182
2167,4558
2168,3746
2169,3063
2170,4272
2171,2737
2172,2941
2173,4337
2174,3313
2175,2604
2176,2023
2177,2312
2178,3458
2179,4685
2180,4685
2181,3969
2182,1579
2183,3815
2184,4105
2185,2623
2186,3408
2187,4001
2188,2407
2189,4001
2190,4001
2191,4001
2192,2501
2193,3541
2194,3828
2195,1782
2196,4516
2197,2624
2198,4478
2199,4606
2200,4428
2201,4484
2202,3857
2203,4699
2204,4699
2205,1814
2206,2053
2209,3591
2210,2721
2211,2593
2212,4443
2213,4443
2214,4467
2215,2561
2216,4625
2217,2782
2218,4669
2219,4669
2221,4491
2222,4491
2223,2780
2224,4237
2225,3643
2226,2916
2227,4247
2228,3542
2229,1704
2230,3379
2231,3352
2232,2580
2233,2650
2234,2261
2235,4657
2236,3263
2237,3418
2238,4594
2239,4762
2240,3115
2241,4082
2242,1611
2243,2704
2244,2254
2246,3868
2247,3741
2249,3690
2250,2833
2251,3579
2252,2953
2253,3813
2254,4194
2255,3466
2256,2908
2257,3835
2258,3413
2259,4719
2260,1773
2261,1773
2262,1773
2264,3532
2265,1535
2266,1578
2267,4444
2268,4444
2269,3984
2270,4444
2272,2764
2273,3032
2274,3221
2276,3027
2277,1649
2278,1930
2280,4254
2281,2372
2282,3953
2283,4733
2285,2760
2286,3929
2287,4187
2288,4618
2289,3411
2290,3119
2291,4419
2292,4419
2293,4524
2294,1723
2295,3132
2296,4182
2297,3385
2298,2574
2299,3514
2300,4516
2301,4516
2302,4516
2306,4336
2307,1948
2308,4243
2309,3872
2310,2085
2311,2085
2312,2085
2313,2085
2314,2707
2315,2085
2316,2294
2317,2284
2318,2284
2319,2340
2320,2284
2321,2294
2322,3134
2323,2686
2324,3684
2325,3576
2326,3067
2328,3751
2329,4022
2330,3966
2331,4672
2332,3720
2333,3629
2334,4584
2335,4584
2336,4584
2337,4584
2338,3281
2339,3778
2340,2179
2341,3407
2342,2314
2343,2604
2344,4462
2345,3101
2346,3978
2348,2386
2349,4314
2350,3609
2351,4528
2352,4195
2353,4528
2354,1740
2355,1690
2356,3266
2357,3688
2359,4513
2360,2499
2361,2186
2362,1724
2363,4157
2364,3734
2365,2679
2366,2648
2367,4300
2368,3822
2369,2745
2370,3374
2371,3226
2372,2475
2373,4513
2374,4634
2375,3344
2376,2843
2378,2383
2379,3565
2380,4567
2381,2913
2382,4236
2384,3271
2385,3569
2386,1580
2387,2670
2388,4586
2389,4586
2390,4355
2391,4332
2392,1750
2393,3843
2394,1750
2395,1750
2396,1750
2397,2655
2398,2598
2399,4139
2400,3423
2401,4145
2402,2898
2403,4292
2404,4456
2405,4456
2406,4510
2407,3887
2409,1690
2410,3436
2411,2694
2412,4493
2413,4449
2414,3500
2415,1841
2416,2520
2417,2303
2418,4662
2419,3726
2420,3726
2422,1803
2423,1686
2424,4039
2425,1861
2426,2095
2427,2772
2428,1314
2429,1956
2433,2615
2434,4703
2435,3276
2437,4128
2438,4625
2439,4625
2440,3310
2441,4625
2442,4625
2443,4625
2444,2824
2445,4625
2446,4625
2447,4625
2448,4625
2449,4625
2450,4625
2451,4128
2452,2684
2453,4625
2454,4625
2455,4625
2456,3805
2457,4625
2458,4024
2459,4625
2460,4625
2461,4625
2462,3172
2463,1592
2464,1592
2465,1592
2466,1592
2467,2338
2469,4323
2470,3279
2471,4685
2472,3313
2473,3157
2474,3061
2475,3906
2476,3020
2477,4730
2478,2657
2479,3559
2480,2551
2481,3937
2482,4447
2484,1556
2485,3088
2487,4474
2488,3262
2489,2567
2490,2290
2491,2534
2492,2534
2493,3145
2494,3644
2495,3644
2496,3975
2497,2967
2498,4569
2499,1863
2500,2669
2501,2449
2502,2958
2503,3885
2504,3406
2505,4508
2506,3300
2507,3457
2508,3055
2509,3158
2510,3591
2511,3420
2512,4454
2513,4454
2514,4454
2515,4454
2516,2871
2517,2926
2518,4530
2519,4493
2520,4493
2521,4493
2522,4493
2523,4107
2524,2341
2526,4494
2527,4373
2528,4494
2529,4494
2530,1640
2531,1887
2534,1640
2535,2485
2536,1640
2537,1640
2538,1640
2540,1640
2541,2788
2542,3140
2543,4582
2544,3594
2545,4074
2546,2765
2547,2904
2548,4142
2549,3216
2550,3196
2551,4190
2552,1511
2555,3086
2556,4384
2557,3174
2558,4285
2559,2614
2560,2791
2561,4333
2562,2300
2563,2765
2564,3561
2565,3119
2566,1593
2567,2480
2568,1997
2569,3361
2570,3259
2571,1692
2572,2786
2573,3707
2574,3945
2575,2126
2576,2794
2577,4629
2578,3887
2579,3744
2580,3152
2581,4910
2582,4910
2583,4394
2584,4910
2585,3169
2586,4450
2587,3864
2589,1787
2591,1768
2592,3604
2593,3289
2594,3439
2595,3559
2596,3568
2597,3469
2598,2502
2599,3721
2603,4520
2604,3273
2605,3406
2606,4507
2607,1749
2608,3695
2609,3839
2610,4507
2611,3732
2612,3568
2613,2362
2614,4111
2615,4347
2616,4507
2617,3335
2618,2356
2619,3417
2620,3153
2621,3482
2623,2888
2624,4507
2625,2865
2626,4028
2627,1740
2628,4784
2629,1600
2630,4381
2631,4724
2632,1521
2633,4266
2634,1944
2635,4266
2636,4266
2637,4266
2638,1941
2639,1944
2640,1944
2641,1944
2642,1944
2643,2497
2644,4039
2645,2343
2646,3127
2647,2615
2648,4297
2649,2852
2650,1710
2651,2886
2652,1332
2653,2835
2654,2582
2655,3267
2656,3928
2657,3628
2658,2716
2659,2413
2660,3227
2661,4413
2662,2756
2663,4437
2664,4413
2665,2891
2667,3183
2668,4533
2669,2990
2670,1893
2671,2973
2672,2160
2673,2973
2674,2906
2675,4685
2676,1814
2677,3449
2678,1758
2679,1689
2680,3969
2682,4686
2683,3450
2684,4686
2685,3554
2686,3083
2687,2459
2688,3035
2689,3484
2690,2955
2691,2502
2692,3130
2693,3362
2694,2801
2695,2869
2696,3697
2697,3098
2698,1797
2699,2390
2700,2808
2701,2403
2702,2218
2703,2093
2704,2873
2705,1756
2706,3110
2707,3517
2708,2900
2709,2106
2711,1964
2713,3114
2715,4738
2716,4648
2717,4648
2718,4648
2719,3285
2720,1802
2721,2984
2722,4747
2723,4747
2724,2382
2725,4747
2727,3716
2728,2553
2729,4067
2730,2858
2731,2469
2733,3041
2734,2469
2736,2233
2737,3555
2738,4251
2739,4293
2740,3095
2741,3755
2744,2603
2746,3698
2747,2858
2748,4766
2749,4766
2751,1881
2752,2795
2753,2041
2754,2494
2755,1647
2757,2418
2758,2619
2759,4683
2760,3509
2761,4683
2762,2044
2763,2729
2764,3701
2765,3536
2766,4884
2767,4884
2768,3351
2769,4459
2770,2774
2771,1561
2772,4596
2773,4596
2774,3148
2775,2666
2776,4495
2777,2610
2778,2548
2779,3297
2780,3862
2781,1649
2782,4505
2783,4505
2784,4505
2785,2602
2786,4739
2787,2922
2788,4139
2789,4327
2790,2546
2791,3029
2792,3315
2793,4126
2794,3241
2796,2494
2797,1842
2798,1720
2799,1589
2801,2368
2802,1676
2803,4947
2804,1596
2805,3654
2807,2851
2808,2730
2809,3250
2811,3123
2813,4874
2814,3408
2815,3610
2817,4067
2818,2377
2819,3633
2821,3728
2822,3275
2823,1938
2824,1938
2825,2498
2826,4844
2827,4844
2828,3628
2830,3543
2831,3450
2832,2282
2833,3891
2834,3645
2835,4387
2838,2399
2839,3955
2840,2928
2841,2209
2842,2265
2843,3493
2844,2468
2845,2432
2846,4926
2847,4926
2848,4926
2849,4926
2850,4926
2851,3653
2852,4492
2853,1269
2855,2321
2856,3489
2857,4775
2858,2340
2859,2614
2860,3897
2861,4492
2862,3790
2863,3561
2864,4492
2865,4427
2866,2354
2867,2132
2868,1890
2869,1890
2870,1890
2871,2637
2872,2243
2875,3501
2876,4310
2877,2379
2879,4417
2880,2440
2881,4417
2882,4417
2883,2681
2884,4417
2885,1642
2886,4564
2887,4801
2888,4801
2889,2482
2890,4801
2891,4801
2892,4801
2893,4801
2894,4801
2895,4801
2896,1489
2898,4708
2899,4829
2900,2324
2901,1947
2902,2237
2903,2161
2904,3258
2905,2584
2906,2455
2907,1947
2908,3249
2909,3351
2910,1711
2912,3164
2913,2147
2914,2006
2916,4744
2917,1941
2918,2281
2919,4263
2921,4238
2922,3515
2923,2355
2924,3869
2925,3464
2926,2446
2928,1832
2929,4328
2930,4328
2931,4192
2932,3295
2933,2376
2935,2708
2936,2350
2938,4412
2939,2713
2940,3131
2941,2347
2944,4315
2945,4315
2946,2408
2947,3992
2948,3022
2949,4574
2950,2902
2951,2634
2952,5016
2953,3921
2954,5016
2955,3723
2956,2126
2957,4680
2958,3613
2960,4983
2961,4983
2962,4983
2963,3689
2964,2695
2965,3905
2966,2970
2967,3164
2968,2961
2969,4591
2970,4794
2971,1624
2972,2887
2973,3503
2974,2348
2975,4160
2976,3231
2977,2629
2978,2849
2979,2563
2980,4545
2981,3541
2982,4255
2983,2215
2985,4202
2986,4263
2987,2557
2988,3441
2989,3857
2990,1951
2991,2510
2992,3767
2993,1932
2994,4123
2995,1999
2996,1355
2998,4258
2999,3623
3000,2972
3001,2529
3002,3385
3003,4422
3004,4097
3005,3693
3006,3244
3007,2867
3008,1852
3009,3097
3010,3600
3011,4945
3012,4959
3013,4959
3014,2260
3015,3349
3016,4799
3017,4414
3018,2279
3019,4993
3020,2947
3021,3482
3022,4993
3023,1833
3024,3518
3025,4368
3026,2821
3027,3439
3028,3006
3029,3324
3030,2602
3031,2925
3032,2907
3033,3271
3034,3222
3035,3854
3036,2252
3037,2830
3038,4540
3039,3844
3040,2410
3041,3819
3042,4540
3043,4540
3044,2348
3046,3093
3047,2947
3048,2756
3049,1850
3050,1972
3051,4143
3052,4143
3053,2599
3054,4143
3055,3240
3056,2221
3057,2755
3059,3772
3060,4440
3061,4496
3062,2598
3063,1436
3066,4525
3068,2262
3070,2257
3071,4945
3072,3489
3073,3941
3074,4945
3075,4827
3076,4945
3077,4276
3078,4587
3080,1484
3081,1864
3082,1907
3083,4820
3084,2794
3085,4961
3086,3031
3087,3719
3088,2830
3089,2601
3090,3264
3091,4961
3092,3268
3093,4527
3094,4279
3095,2028
3096,4462
3097,1717
3098,2297
3099,2536
3101,4524
3102,3577
3103,3476
3104,1307
3105,4842
3106,2761
3107,3889
3108,4420
3109,2117
3110,2820
3111,4776
3112,4600
3113,4600
3114,3795
3115,1336
3117,2440
3118,2149
3119,4623
3120,1899
3123,4283
3124,4509
3125,3755
3126,2201
3127,2813
3128,4755
3129,4509
3130,3055
3131,4843
3132,2092
3133,4843
3134,4843
3135,1318
3136,3458
3137,3634
3138,1526
3140,2790
3142,2697
3143,2000
3144,3477
3145,2519
3146,4890
3147,4429
3148,3171
3149,4916
3150,3235
3151,4309
3152,4309
3153,4937
3154,4937
3155,1850
3156,4923
3158,4483
3159,2707
3160,2020
3162,4066
3163,4483
3164,2375
3165,4870
3166,4870
3167,4870
3168,2818
3169,2084
3171,2061
3172,3572
3173,2672
3174,4812
3175,2613
3176,3164
3180,2649
3181,4505
3182,4515
3183,4443
3184,4515
3185,4395
3186,4515
3187,4515
3188,1309
3189,2389
3190,1878
3191,2627
3192,2544
3193,1799
3196,2732
3197,4030
3198,4994
3199,4237
3200,1832
3201,1860
3202,2642
3203,4829
3204,4829
3205,1195
3206,1848
3207,1848
3208,4506
3209,3011
3210,4523
3211,4883
3212,1461
3213,1461
3214,1461
3215,1461
3216,1652
3217,1461
3218,1461
3219,1461
3220,1461
3221,1461
3222,1461
3223,1461
3224,1461
3225,3943
3226,5021
3227,3442
3228,5021
3229,4208
3230,4208
3231,4208
3232,4208
3233,3694
3234,1938
3235,2068
3237,2108
3238,3449
3239,3067
3240,4191
3241,4191
3242,2522
3243,2017
3246,4858
3247,2863
3248,4976
3249,4671
3250,2647
3251,3465
3252,2538
3253,3268
3255,2176
3256,2458
3257,4974
3258,2550
3259,2077
3260,2971
3261,5046
3262,1675
3263,1312
3264,1312
3265,3416
3266,1886
3267,4727
3268,2129
3269,2332
3270,4543
3271,1507
3272,4592
3273,4757
3274,3259
3275,2568
3276,2201
3277,4757
3278,2373
3279,2810
3280,1890
3281,1782
3282,2138
3284,3360
3285,1434
3288,4858
3290,2683
3291,2838
3292,3908
3293,3417
3294,1941
3296,4631
3297,2446
3298,4850
3299,4850
3300,4677
3301,1897
3302,4850
3303,4850
3304,3174
3305,1275
3306,2310
3307,2904
3309,2910
3310,3445
3311,4717
3312,4765
3313,1596
3314,4765
3315,3710
3316,4379
3317,3997
3318,1648
3319,1862
3320,1963
3321,3773
3322,5107
3323,2166
3324,1832
3325,4084
3326,2601
3331,4763
3332,4763
3333,2848
3334,2261
3335,1680
3338,2656
3339,5032
3340,2425
3341,5032
3342,5032
3343,3327
3344,5032
3345,3690
3346,2374
3348,2221
3349,4076
3350,3458
3351,3507
3352,2543
3353,4881
3354,4136
3355,4359
3356,4501
3357,2861
3358,4501
3359,4501
3360,2132
3361,1881
3362,2132
3363,1589
3366,2395
3367,4798
3368,1776
3369,1776
3370,1776
3371,2571
3373,3735
3374,3339
3375,2840
3376,1454
3377,4366
3378,2834
3379,3605
3380,2810
3381,3436
3382,4960
3383,4782
3384,4262
3385,4960
3386,2733
3388,2764
3389,4251
3390,2578
3391,4396
3392,3375
3393,2605
3394,2878
3395,4518
3396,4445
3397,2154
3398,4518
3399,3852
3400,4518
3401,4518
3402,2474
3403,1758
3404,3349
3405,5004
3406,4195
3407,1396
3408,3449
3409,1310
3410,1656
3411,2299
3412,2299
3416,4607
3417,3433
3418,4607
3422,2700
3423,1941
3424,1941
3425,2001
3426,1941
3427,1941
3429,1892
3433,3571
3434,1431
3435,2751
3436,4814
3437,4814
3438,4814
3439,2749
3440,1800
3441,1822
3443,2820
3444,1744
3445,2511
3446,1715
3447,3168
3448,4967
3449,2810
3450,2726
3451,2332
3452,2626
3453,2747
3454,3105
3455,2500
3456,3661
3457,2330
3458,3427
3459,2418
3460,2457
3461,1991
3462,2296
3463,2959
3464,3904
3465,2004
3466,2697
3467,5037
3468,4928
3469,2652
3470,3078
3471,4511
3472,2340
3473,3394
3475,4589
3477,2960
3478,3412
3479,2511
3480,3303
3481,3164
3482,2165
3483,2015
3486,1962
3487,5072
3488,2613
3489,3485
3490,4557
3491,2017
3492,2100
3493,1936
3494,1936
3495,2026
3496,2335
3497,1936
3498,2914
3499,1977
3500,1936
3504,4842
3506,2014
3508,1968
3509,1537
3510,4644
3511,4644
3512,3743
3513,2336
3514,4644
3515,1868
3516,2377
3518,2358
3519,3651
3520,2268
3521,2656
3522,3008
3523,2417
3524,5120
3525,3226
3526,4118
3527,2027
3528,2624
3529,3684
3530,3390
3531,5088
3532,2240
3535,4201
3536,2046
3537,2962
3538,1992
3539,4756
3540,2212
3541,2328
3542,3465
3543,3881
3544,2654
3545,4779
3547,1862
3548,1985
3549,1156
3550,4729
3551,4729
3552,4729
3553,2169
3554,2109
3555,1692
3556,2078
3557,2348
3558,3412
3560,3049
3561,3275
3562,2781
3563,4363
3564,4778
3565,4920
3566,4920
3567,2424
3568,3461
3569,1163
3571,3057
3576,1398
3577,4926
3578,4906
3579,1780
3580,2563
3581,4858
3582,4858
3583,3024
3584,4858
3585,4641
3586,3170
3587,2580
3589,3600
3590,1467
3591,3233
3592,4658
3593,3260
3594,4539
3595,4796
3596,4966
3597,2957
3598,2973
3599,1439
3600,1962
3601,2543
3602,4065
3603,3270
3604,3690
3605,5079
3606,5079
3607,3204
3609,2079
3610,4361
3611,2993
3613,2430
3614,3064
3615,2943
3616,1186
3617,1963
3618,5035
3619,5035
3620,4767
3621,4767
3622,3836
3623,1770
3624,2232
3625,4305
3628,2726
3629,1614
3630,3091
3631,2282
3632,5152
3633,2671
3634,3115
3635,2971
3636,3373
3637,4344
3638,5152
3639,2557
3640,5152
3641,2801
3642,2843
3643,2529
3645,3491
3646,1890
3647,4153
3648,1601
3649,1253
3650,3276
3651,5072
3652,5072
3653,4908
3654,5106
3655,2592
3656,4541
3657,5017
3658,3454
3659,2871
3660,3184
3661,3238
3662,1893
3663,4725
3664,3496
3665,2148
3666,2431
3667,2124
3668,4399
3669,1778
3670,2473
3671,1641
3673,4319
3674,4597
3675,4944
3676,4944
3677,4676
3678,3025
3679,4923
3680,3334
3681,1809
3682,1409
3683,3896
3684,4727
3685,4808
3686,4347
3687,4727
3688,2655
3689,1957
3690,4727
3691,3214
3692,1996
3693,1888
3694,1888
3695,1888
3696,1888
3697,1888
3698,1888
3700,1192
3701,4818
3702,4912
3703,4912
3704,4912
3705,3939
3706,4912
3707,4912
3708,1546
3709,4203
3711,2030
3712,2030
3713,1357
3714,3885
3715,5241
3717,1516
3718,5185
3719,3866
3720,2196
3722,1749
3723,3948
3724,2509
3725,2550
3726,3504
3727,4781
3728,2575
3729,3767
3730,4781
3731,2651
3733,1780
3735,1561
3737,1796
3742,1823
3743,3314
3744,4502
3745,1301
3746,4824
3747,2458
3748,3515
3749,2497
3750,4639
3751,3243
3752,3581
3753,4824
3754,4509
3755,1825
3757,5170
3758,5170
3759,5170
3760,5170
3761,4513
3762,3179
3763,2065
3764,3560
3765,4839
3766,2291
3767,1347
3769,1801
3770,1650
3771,4064
3772,1211
3774,2649
3775,2906
3776,1224
3777,1997
3779,2616
3780,4387
3781,5110
3782,2120
3783,5110
3784,1377
3785,2109
3786,2308
3787,3209
3788,5072
3791,1732
3792,3074
3794,3212
3795,3014
3796,3143
3797,1785
3798,2712
3799,4518
3800,3586
3801,4859
3802,2291
3803,2236
3804,1879
3805,5163
3806,2807
3807,3226
3808,1485
3809,1836
3810,3613
3811,1597
3812,2538
3813,2581
3814,2438
3815,2179
3816,1091
3817,4177
3819,2432
3821,4029
3822,1555
3823,1986
3824,4793
3825,1572
3827,4434
3829,4168
3830,2791
3832,1780
3833,2357
3834,5167
3835,2116
3836,5167
3837,5167
3839,4179
3840,4765
3841,1927
3842,3371
3843,2590
3844,5231
3845,2535
3847,3590
3848,2498
3849,1143
3850,4806
3851,4695
3854,3082
3855,4094
3856,1035
3858,5263
3862,4875
3863,4023
3864,5263
3865,4653
3867,1138
3869,4615
3870,3518
3871,2396
3872,2841
3873,3128
3875,1620
3876,4112
3877,2451
3878,1756
3880,1501
3881,2231
3882,1214
3883,4537
3885,2677
3886,5071
3887,2518
3888,1408
3889,4229
3890,4205
3891,5214
3892,3520
3893,1260
3894,3506
3895,4038
3896,4038
3897,2354
3898,2358
3900,4791
3901,5252
3902,1987
3903,3612
3904,5159
3905,4993
3906,5159
3907,5159
3908,1679
3909,5230
3910,2464
3911,1565
3912,1724
3914,1515
3916,2506
3917,2815
3918,3582
3919,2066
3920,4313
3921,1413
3922,1744
3923,5056
3924,1978
3925,2776
3926,2602
3927,5064
3928,5015
3929,4620
3930,4004
3931,5064
3932,4738
3933,1447
3935,5108
3936,5108
3937,2836
3939,1480
3941,3547
3942,1528
3943,5123
3944,5123
3945,4401
3946,1663
3947,3270
3948,1178
3949,1865
3952,5208
3953,5208
3954,5102
3955,2490
3956,2975
3957,1208
3958,2705
3959,2135
3960,1846
3961,3552
3962,3353
3963,5168
3964,1321
3965,2986
3966,4425
3967,2106
3968,5215
3969,2308
3970,3414
3971,2147
3973,1933
3974,1617
3976,1915
3977,3517
3978,4854
3979,4386
3980,1738
3981,4755
3982,2445
3983,4335
3984,4547
3985,2140
3986,4755
3987,1887
3989,1761
3990,1887
3991,3159
3992,4723
3995,2550
3997,5266
3998,5088
3999,1732
4000,4445
4001,3248
4005,5151
4006,4724
4007,1857
4008,3621
4009,1331
4010,5043
4011,2744
4012,1310
4013,2848
4014,1921
4015,4466
4016,2153
4019,4684
4020,4643
4021,2737
4023,2013
4024,1758
4025,4855
4026,3227
4027,1971
4028,1819
4030,1446
4031,1070
4034,2254
4035,3719
4036,2936
4037,2162
4038,5350
4039,4212
4040,3001
4041,3150
4042,3958
4043,3718
4044,3156
4045,3098
4046,1877
4047,1541
4048,2580
4049,1534
4050,4038
4051,1360
4053,4855
4055,3565
4056,2388
4057,5089
4058,2607
4059,2996
4061,5033
4062,4763
4063,2800
4064,5033
4065,2967
4066,3736
4067,5033
4068,1868
4069,5033
4070,1872
4071,2993
4072,3057
4073,2538
4074,3201
4075,5033
4076,2177
4077,2812
4078,1542
4079,1690
4080,4743
4082,3013
4083,1969
4085,5279
4086,1257
4088,2027
4089,4654
4090,5141
4091,5141
4092,5141
4093,2515
4095,2772
4096,5144
4097,5144
4098,1978
4099,2433
4100,1429
4103,2240
4104,3247
4105,4753
4106,4753
4107,4753
4108,2013
4109,2013
4110,2101
4111,1618
4116,2202
4117,2317
4119,3036
4120,5077
4121,2985
4122,5289
4123,2870
4124,2437
4125,5165
4126,5060
4127,2135
4128,4504
4129,5164
4130,4873
4131,5289
4132,5289
4133,4951
4134,2157
4135,5173
4136,3198
4137,2927
4138,2287
4139,5289
4140,2863
4141,4791
4142,3035
4143,5289
4144,2525
4145,5045
4146,5289
4147,5170
4148,4183
4149,4895
4150,2585
4151,2974
4152,2639
4153,5289
4154,5289
4155,1527
4159,4762
4162,3699
4163,5282
4164,5001
4165,5368
4166,5368
4169,2157
4170,4510
4171,1369
4173,1182
4174,5326
4175,2433
4176,5326
4177,5326
4178,1952
4179,3189
4180,4122
4181,1399
4183,1474
4184,5034
4185,5034
4186,3932
4187,2495
4188,1552
4189,1608
4190,4726
4191,2127
4192,3865
4194,1831
4195,1609
4197,2094
4198,4992
4199,1394
4200,2318
4201,2455
4202,5145
4203,5145
4204,4973
4205,1582
4206,5145
4207,1474
4208,2059
4209,1474
4210,1474
4211,1806
4212,2874
4213,1960
4214,2649
4215,1552
4216,1527
4217,3452
4218,1229
4219,2412
4220,1843
4221,2853
4222,2130
4223,2040
4224,1640
4225,1556
4228,3699
4229,4975
4231,1484
4232,4692
4233,2365
4234,2450
4235,1429
4236,1355
4237,5303
4238,5002
4240,5123
4241,5123
4242,5123
4243,1730
4244,1730
4245,2057
4246,1730
4247,2599
4248,5248
4249,5278
4250,5026
4251,5278
4252,4644
4254,1425
4255,4045
4256,3153
4257,4803
4259,5411
4260,5411
4261,3403
4263,3584
4264,4837
4265,1428
4266,2647
4267,5270
4269,2820
4272,1461
4273,2456
4274,5166
4275,2138
4276,2378
4277,1471
4278,1471
4279,1471
4280,1471
4282,3349
4283,5377
4284,5377
4285,5190
4289,3069
4290,2530
4291,4115
4292,4465
4295,3670
4296,5299
4297,2548
4298,1414
4299,2559
4303,1411
4304,5031
4305,5031
4306,5031
4307,2371
4308,1416
4310,2717
4311,1376
4312,4728
4313,1993
4314,2103
4315,2753
4316,4012
4317,4590
4318,2098
4319,4561
4320,5171
4321,5323
4322,4476
4323,1425
4324,3949
4325,3281
4326,3368
4327,4916
4328,5120
4329,2636
4331,1261
4332,1578
4333,1844
4334,4970
4335,2188
4336,4970
4337,4970
4338,2496
4340,4883
4341,3314
4342,2617
4343,2484
4344,1771
4345,1790
4346,1662
4347,2158
4348,1662
4349,2002
4351,1590
4352,5256
4353,2610
4354,1785
4355,2271
4357,5359
4358,5348
4359,1451
4360,5300
4361,2258
4362,5300
4363,2140
4364,1637
4365,2681
4366,4759
4368,4658
4369,4675
4370,4658
4371,2911
4372,1945
4373,1713
4375,4655
4377,3653
4378,5284
4379,4411
4380,5284
4381,5284
4382,5284
4383,1786
4384,2649
4385,1064
4386,1085
4389,1377
4393,4504
4394,4504
4395,2125
4396,4504
4397,4504
4398,2816
4399,2025
4400,3222
4401,2376
4402,1553
4403,1475
4404,1144
4405,5002
4406,4906
4407,5002
4408,1735
4409,4200
4411,1312
4412,1765
4413,5037
4414,5392
4415,3510
4416,1869
4417,3178
4418,3315
4422,3362
4423,1205
4424,2936
4425,1657
4426,4353
4427,4898
4428,4009
4429,3275
4430,3866
4431,4383
4432,3321
4433,2451
4434,4714
4435,3364
4436,4719
4437,1687
4438,2225
4439,4898
4440,2660
4441,2342
4442,2496
4443,2010
4444,4898
4445,4898
4446,4671
4447,2531
4448,2632
4449,4957
4450,4957
4451,2047
4452,1709
4453,2022
4454,5401
4455,3228
4456,2058
4457,5401
4458,4918
4459,4555
4460,1873
4461,3582
4462,5435
4463,2736
4464,5292
4465,2438
4466,1507
4467,5230
4468,1548
4469,5346
4470,4481
4471,1654
4473,3799
4474,4161
4475,3799
4476,1455
4477,3552
4478,2614
4479,2614
4480,1258
4481,1408
4482,3498
4483,3234
4485,3017
4486,2650
4487,1671
4488,2963
4489,2067
4490,5016
4491,5016
4492,4995
4493,1772
4494,1772
4495,1772
4496,1896
4497,1772
4498,1498
4500,1100
4502,5241
4503,5414
4504,2143
4507,1650
4508,5209
4509,4467
4510,2375
4511,1429
4516,2458
4521,1109
4523,5102
4524,2400
4526,2560
4527,2974
4528,2732
4529,1199
4530,2282
4531,3067
4532,2677
4533,1963
4534,3351
4535,4839
4536,1871
4538,5264
4539,1168
4542,1724
4543,4997
4544,1523
4545,5479
4547,3068
4550,2716
4551,2701
4552,1226
4553,1641
4554,4598
4555,2120
4556,2120
4557,1625
4558,1189
4560,4822
4561,1750
4562,1116
4563,3995
4564,2255
4565,5145
4566,2678
4567,4688
4568,1451
4569,5338
4574,3201
4575,5055
4576,2669
4577,5239
4578,3218
4580,1773
4581,4829
4582,3882
4583,1054
4584,1400
4586,2166
4587,3287
4588,1517
4591,4952
4592,1644
4593,2573
4594,5220
4595,3446
4596,5220
4597,5220
4598,2122
4599,5195
4600,3283
4601,5309
4602,1614
4603,2438
4604,3396
4605,1065
4607,5383
4608,1334
4609,1476
4611,4956
4612,5393
4613,3450
4615,5001
4616,2066
4617,5001
4618,3600
4619,2538
4620,1081
4621,1149
4622,5254
4623,4764
4624,1728
4625,1369
4626,4888
4627,5254
4629,1506
4630,1624
4631,1316
4632,2751
4633,2560
4635,4769
4636,2262
4638,2437
4639,1641
4640,1996
4641,2511
4644,5460
4645,1548
4646,1504
4647,2824
4648,1138
4649,5251
4650,1189
4651,2506
4652,2002
4653,2723
4654,1379
4655,1358
4658,1694
4659,5128
4660,5469
4661,3011
4662,3112
4663,2178
4664,2516
4665,3360
4666,2132
4667,5198
4668,5198
4669,1922
4670,5198
4671,2345
4672,1704
4673,2604
4674,1531
4675,5204
4677,1291
4678,1332
4681,1973
4682,3307
4683,1740
4684,1639
4686,2126
4687,2114
4688,2906
4689,3494
4692,5482
4693,4862
4694,5482
4695,5482
4696,5482
4697,5482
4698,5482
4699,5482
4700,5482
4701,5482
4702,5482
4703,5482
4704,5482
4705,4692
4706,3466
4707,5482
4708,5482
4709,3757
4710,2397
4711,5482
4712,2281
4713,2060
4714,4852
4715,3432
4716,5439
4717,2320
4718,2249
4719,3412
4720,5017
4721,1791
4723,5270
4725,2483
4726,2007
4727,5219
4728,3637
4733,4551
4735,2089
4736,5220
4737,4943
4738,5220
4739,4067
4740,5220
4741,4894
4742,2343
4743,1717
4744,1557
4745,1681
4746,1645
4748,2682
4749,1971
4750,5168
4751,4439
4752,5440
4753,5440
4754,1128
4755,5377
4756,2914
4757,4760
4759,1767
4760,4076
4761,5056
4762,5056
4763,5056
4764,3189
4765,3233
4766,5056
4767,1547
4771,1724
4773,4375
4774,3294
4776,1621
4777,1452
4778,1089
4779,1522
4780,1131
4781,3281
4782,5077
4783,1357
4785,5412
4786,1335
4787,5412
4788,2236
4789,5233
4790,5412
4791,1653
4792,3272
4793,5266
4794,5412
4795,2534
4796,3503
4797,1940
4798,2993
4799,1651
4800,5333
4801,5187
4803,5464
4804,5464
4805,5302
4806,5464
4807,5464
4808,2987
4809,1648
4810,5269
4811,2145
4813,3230
4814,3202
4815,1374
4816,5420
4817,5420
4818,1933
4819,5441
4820,2229
4821,1909
4822,1257
4823,5533
4824,3135
4825,5307
4826,5506
4827,3430
4828,2473
4829,2368
4830,2779
4831,1128
4832,2758
4833,3631
4834,5411
4835,5411
4836,5411
4837,5109
4838,5232
4839,5411
4840,2563
4841,5411
4842,5265
4843,1417
4844,5232
4845,5411
4846,2556
4847,5411
4848,5411
4849,5232
4850,5163
4851,2705
4852,4943
4853,2333
4854,5232
4855,4965
4856,3059
4857,1325
4858,1325
4859,2088
4860,1419
4861,1325
4862,1450
4863,1325
4864,4906
4866,1437
4867,5214
4868,5214
4869,5214
4870,2241
4871,5214
4872,5214
4873,1622
4874,1511
4875,1817
4876,5330
4879,1783
4880,1366
4881,1914
4882,4043
4883,2160
4884,3137
4885,2738
4886,1211
4887,1515
4889,2949
4890,2116
4891,1771
4893,4689
4894,2447
4896,1558
4897,1115
4898,2249
4899,3164
4900,5445
4901,5229
4903,1790
4904,1790
4905,5204
4906,1790
4908,5204
4909,4930
4910,4737
4911,5204
4912,1790
4913,5204
4914,1790
4915,3060
4916,5204
4917,5204
4918,5204
4919,5204
4920,3078
4921,5204
4922,1790
4923,1554
4924,1817
4925,1397
4926,1633
4927,5066
4929,2611
4931,5354
4932,4960
4933,4682
4934,1804
4935,5280
4936,5070
4937,2614
4938,3695
4940,3406
4942,1348
4943,2781
4944,3404
4945,1330
4946,1607
4947,1939
4948,2678
4950,4534
4951,4534
4952,4957
4953,1995
4954,1165
4957,4386
4960,4470
4962,3603
4963,2662
4964,2073
4965,5435
4966,2187
4967,3043
4969,5523
4970,1822
4971,5523
4972,3398
4973,4078
4974,3266
4975,4958
4976,2390
4977,1498
4978,5600
4979,5600
4980,2917
4981,2834
4982,1826
4983,1949
4985,5284
4986,3398
4987,1231
4988,2383
4989,1719
4991,1444
4992,1469
4993,1283
4994,3342
4995,1624
4996,1624
4999,3229
5000,5600
5001,5600
5002,2193
5003,5189
5005,1182
5006,2024
5008,2755
5009,4156
5010,4517
5011,2344
5012,2165
5013,4308
5015,1703
5016,2245
5017,1744
5018,5388
5019,5458
5020,1645
5022,2118
5024,4603
5026,3406
5028,3287
5029,2198
5031,5324
5032,2524
5033,1128
5035,5598
5036,4482
5037,3473
5038,4584
5039,4662
5040,1973
5043,1489
5044,1270
5045,1174
5046,4901
5047,5337
5048,2652
5050,1542
5051,4517
5052,5594
5053,2804
5054,5360
5055,3285
5057,1510
5058,2192
5059,2275
5060,5055
5061,3222
5062,5493
5063,5493
5064,2034
5065,1723
5067,5009
5068,2606
5069,2143
5070,1877
5071,5403
5072,3040
5073,3364
5075,1112
5077,5468
5078,4859
5079,2108
5080,1935
5081,1874
5083,2022
5084,5436
5085,2348
5086,5541
5087,5541
5088,5541
5089,4177
5090,5224
5091,5541
5092,3359
5093,5258
5095,2345
5096,3179
5097,5578
5098,5336
5099,1813
5100,2870
5102,1848
5103,2798
5104,4961
5105,5448
5106,3016
5109,5484
5110,2647
5111,1449
5112,1389
5114,2307
5115,1204
5116,5423
5117,1544
5118,2047
5119,3768
5120,1564
5121,3289
5122,5613
5123,2068
5124,5613
5125,1328
5126,5150
5127,1105
5128,1105
5129,1105
5130,3106
5132,2521
5133,1133
5135,1308
5136,5158
5138,5616
5139,1637
5140,3296
5141,1144
5142,4994
5143,2030
5144,3551
5145,1271
5146,1398
5148,1962
5150,3803
5151,4708
5152,3652
5153,4119
5154,3055
5155,2974
5158,5159
5159,5159
5160,1722
5161,5159
5162,1722
5163,5159
5164,5121
5166,3078
5167,1681
5171,2624
5172,2216
5173,2655
5174,4486
5175,1951
5176,1930
5177,2556
5178,3233
5179,2218
5180,2842
5181,2512
5182,3314
5183,5561
5184,2892
5185,2402
5186,5284
5187,1967
5188,2855
5189,2549
5190,2252
5191,1529
5192,5561
5193,2354
5194,2979
5195,1945
5196,2870
5197,4898
5198,3572
5199,2938
5200,2531
5201,4086
5202,5144
5203,1996
5204,2725
5207,2498
5208,1085
5209,1667
5210,1664
5213,5073
5214,5073
5215,1769
5216,2902
5217,2038
5218,5659
5219,5659
5220,5659
5221,5659
5222,3176
5224,2444
5225,2444
5226,3364
5227,4139
5228,4139
5229,4139
5230,4139
5231,1193
5232,1579
5233,1647
5238,1824
5239,3124
5240,1521
5241,3798
5242,3770
5243,1671
5244,3770
5245,1208
5246,1956
5247,5247
5248,5237
5249,5522
5250,1455
5251,2474
5252,4352
5253,1435
5254,1936
5255,1099
5260,1370
5261,5071
5262,2708
5263,2057
5264,1448
5265,5331
5267,1615
5269,5590
5271,1442
5273,3104
5274,1475
5275,4816
5276,1433
5277,5539
5278,5539
5280,5485
5281,5485
5282,4768
5283,4967
5284,5184
5285,1670
5286,2735
5287,1399
5288,2087
5289,3331
5290,5639
5291,5639
5294,5610
5295,2835
5296,1562
5298,1060
5299,5706
5300,5706
5301,2028
5303,1356
5305,1544
5306,1311
5308,1370
5309,1647
5310,1129
5311,1214
5312,1630
5313,2421
5314,5554
5315,5554
5316,2696
5317,1676
5320,2240
5321,1843
5322,5547
5323,1861
5324,2516
5326,1395
5327,1804
5328,5094
5329,1284
5330,1682
5332,4664
5333,1641
5334,1454
5335,2499
5336,1565
5337,5341
5339,948
5341,1909
5342,2440
5343,3080
5344,3063
5345,2747
5346,2747
5347,2866
5348,2747
5350,1504
5351,1089
5352,2433
5353,5359
5354,1258
5355,4347
5356,5394
5357,5394
5358,5394
5360,1423
5361,1382
5362,1275
5363,1278
5364,1077
5365,5583
5366,5363
5367,5583
5368,1459
5370,4292
5371,4292
5372,4292
5373,4292
5374,4292
5375,1291
5376,5561
5377,5561
5378,3142
5380,5182
5381,1784
5382,3594
5384,1585
5385,5692
5386,4967
5387,1053
5388,1309
5390,5094
5391,1442
5392,1854
5393,1430
5395,5651
5396,2441
5397,5517
5398,5301
5399,4247
5400,4775
5401,4978
5404,1788
5405,1991
5406,1497
5410,5608
5412,2364
5415,1661
5416,4417
5417,1340
5418,5551
5419,2023
5421,2302
5422,5551
5423,2086
5424,1211
5426,1147
5427,2700
5428,5146
5429,5617
5430,2865
5431,5646
5432,3242
5434,1197
5435,1327
5436,5542
5437,3291
5438,5542
5439,2859
5440,3959
5442,1338
5445,2664
5446,1852
5447,4292
5448,1646
5449,1828
5452,1950
5454,1898
5455,2285
5456,1326
5457,1783
5459,3437
5460,5623
5461,5623
5462,2191
5463,2930
5465,2455
5466,3337
5467,1064
5468,2364
5469,1292
5470,1353
5471,1075
5472,2203
5473,5634
5474,2439
5475,1883
5476,5638
5477,5676
5478,4288
5479,2534
5480,1562
5481,1071
5482,1865
5483,5697
5484,1861
5485,1745
5486,5697
5487,2019
5488,5697
5489,2407
5490,5697
5491,5697
5494,4664
5495,4160
5496,2119
5497,2119
5499,1340
5500,2679
5501,1414
5503,1314
5504,5046
5505,5656
5506,2751
5507,5699
5508,5699
5509,2812
5510,5205
5511,1585
5512,3177
5513,1178
5514,1047
5515,2003
5516,5000
5517,5411
5518,5411
5519,5411
5520,5159
5521,4898
5522,5411
5523,5411
5524,2354
5525,5411
5526,4147
5527,2120
5528,1561
5529,1976
5530,1521
5531,2460
5532,2079
5533,1267
5534,3220
5535,5762
5536,2688
5537,5762
5539,1332
5540,4829
5541,1640
5542,5712
5543,2227
5544,2698
5545,2178
5548,5520
5549,1701
5550,4095
5551,4073
5552,4203
5553,1975
5554,1370
5555,1370
5558,2871
5559,1228
5561,5660
5562,1589
5563,1929
5564,989
5565,4665
5566,5565
5567,5502
5568,2163
5569,1254
5570,1103
5571,5507
5572,5507
5573,1446
5576,5591
5577,1263
5578,5702
5579,5301
5580,3612
5581,5476
5582,2500
5583,5476
5584,3306
5587,4731
5588,931
5589,2394
5590,1645
5591,1519
5592,1201
5594,5239
5595,5239
5596,3117
5598,5632
5599,5632
5600,1755
5601,1461
5602,1353
5603,1368
5604,2054
5605,3113
5606,2707
5607,5345
5608,2311
5609,5345
5610,4949
5611,5345
5612,2133
5613,1571
5614,2776
5615,1386
5616,1718
5617,1258
5620,1455
5622,2497
5623,991
5624,3081
5625,5418
5626,2625
5627,1662
5628,1543
5629,1543
5630,1549
5631,1125
5633,5679
5635,1294
5636,2407
5637,3129
5638,1456
5639,1268
5640,1486
5643,1079
5644,1984
5645,4455
5646,2412
5647,1420
5648,5789
5649,1417
5650,2985
5651,2868
5652,2399
5653,2399
5655,1930
5656,4993
5657,5181
5658,3656
5659,5594
5660,5325
5661,1672
5662,4038
5663,987
5664,1104
5665,1229
5666,2429
5667,2868
5668,1325
5669,1375
5670,1275
5671,2385
5673,1051
5674,5780
5675,4426
5676,1660
5680,2784
5682,1549
5683,1564
5684,3062
5685,1366
5686,1321
5687,1366
5688,1366
5689,5784
5690,5784
5691,2554
5692,2991
5693,3136
5694,1159
5695,5367
5696,2376
5697,1948
5698,1509
5702,4098
5703,5738
5704,4195
5705,1132
5706,1181
5707,5010
5708,4482
5709,1465
5710,5762
5711,5762
5712,5762
5713,1092
5714,3092
5717,5555
5718,5782
5720,4882
5721,1855
5722,1841
5726,1392
5729,5716
5730,5716
5731,5436
5732,3189
5733,5747
5735,1070
5737,2907
5738,1507
5739,2997
5740,1429
5741,1456
5743,2940
5744,3230
5745,938
5746,5535
5747,5247
5748,5535
5749,4808
5750,1351
5751,5819
5752,5819
5753,3302
5754,1143
5755,4113
5756,1080
5757,1028
5760,2160
5761,1838
5763,4985
5764,5648
5765,5648
5768,2467
5769,4752
5770,2363
5771,1493
5772,1411
5773,1851
5774,5747
5775,3104
5776,3201
5778,992
5780,2632
5781,5508
5782,994
5783,1837
5784,1738
5785,5350
5786,5686
5787,2495
5788,3155
5789,5809
5790,2350
5792,1004
5793,935
5794,4712
5796,2725
5797,5018
5798,2501
5799,2795
5800,2197
5801,1883
5802,2465
5803,5267
5804,3175
5805,2756
5806,2597
5807,1926
5808,4345
5809,1444
5810,2295
5811,1760
5812,2982
5813,5261
5814,1990
5815,4597
5816,1683
5817,1458
5818,2600
5819,2294
5820,2351
5821,2922
5822,3084
5823,3415
5824,1435
5827,3034
5828,2732
5829,2614
5830,1044
5832,1086
5833,5814
5834,3815
5835,3266
5836,2324
5837,3199
5838,1066
5839,3047
5840,5413
5841,5413
5842,1424
5844,3365
5846,2895
5848,3013
5850,1438
5852,5758
5853,5758
5854,5758
5855,4340
5856,5795
5857,1978
5859,1865
5860,1364
5861,5260
5862,3213
5863,1828
5864,5288
5866,5288
5868,4737
5871,2799
5872,2091
5873,2801
5874,5679
5875,5679
5876,5679
5877,4399
5878,5679
5880,970
5882,1272
5883,5502
5884,5362
5885,1922
5886,2673
5887,1063
5888,5812
5889,5812
5890,1796
5891,2608
5892,1303
5895,1875
5896,1251
5897,3210
5899,5008
5902,1954
5903,5684
5907,5536
5908,1179
5909,5231
5910,1114
5911,1320
5913,4166
5914,5077
5915,1558
5916,2003
5917,1553
5919,1370
5920,2221
5921,1295
5922,2485
5923,1354
5924,5875
5925,3281
5926,946
5927,1412
5928,2481
5930,2427
5931,1033
5932,2293
5933,3157
5934,2420
5935,3004
5936,1625
5937,5707
5938,5230
5939,2546
5940,2266
5941,5707
5942,1205
5943,1498
5944,5861
5945,1184
5946,3731
5947,3265
5949,5311
5950,1295
5952,3526
5955,969
5956,1200
5958,4751
5959,5593
5960,2496
5961,4069
5962,1452
5963,1664
5964,1309
5965,4952
5966,2005
5967,5572
5969,1253
5972,1092
5973,1337
5977,1290
5978,5746
5980,1295
5981,4644
5982,1844
5983,5801
5984,1113
5985,5801
5986,5801
5987,5801
5988,4972
5989,5801
5990,5801
5991,1025
5992,5719
5993,1593
5994,1718
5995,1533
5997,5580
5998,2635
5999,2007
6000,1967
6001,3173
6003,5625
6004,1601
6005,1282
6006,2598
6007,2417
6009,972
6010,1033
6013,5244
6014,5631
6015,5244
6016,4081
6017,5403
6018,5631
6019,5631
6020,2547
6021,1053
6022,5462
6023,1564
6024,1342
6026,1468
6027,1003
6028,5745
6029,3083
6030,5760
6031,5182
6032,2159
6033,5760
6034,5760
6035,5760
6036,1140
6037,1140
6038,4493
6039,5774
6041,1247
6042,5753
6043,3154
6044,2863
6045,1614
6046,5293
6047,1247
6048,5634
6049,1970
6050,5634
6051,5634
6052,5634
6053,5634
6054,1003
6055,1019
6056,2938
6057,2938
6058,2938
6059,977
6060,5823
6061,5823
6062,5497
6063,5823
6064,4542
6066,5954
6067,5954
6068,2204
6069,2009
6070,973
6071,972
6072,1669
6073,5840
6074,5840
6075,2388
6077,2812
6078,809
6079,3487
6080,947
6081,4278
6082,1109
6083,1015
6088,1074
6091,5746
6092,5746
6093,4507
6094,1414
6096,1636
6097,2817
6098,2997
6105,1047
6106,1027
6107,931
6108,5103
6109,1090
6110,846
6111,913
6112,5696
6113,5696
6114,5333
6116,1436
6118,5450
6119,5067
6120,5837
6121,5271
6123,3131
6124,3168
6126,3248
6127,1728
6128,4869
6129,1799
6130,1154
6132,5406
6133,5258
6134,2035
6135,3474
6139,5836
6141,5658
6142,5658
6143,5658
6144,5658
6145,5658
6146,1938
6147,5658
6148,1838
6149,1056
6150,5962
6151,2551
6152,5879
6153,5879
6155,5704
6156,2269
6157,3815
6158,1248
6160,1560
6161,1272
6162,776
6164,2031
6165,1836
6166,3284
6168,5884
6169,4922
6170,3468
6174,3231
6175,5754
6176,2957
6177,5331
6178,5552
6179,4652
6180,5161
6181,5552
6182,4855
6183,5552
6184,5254
6185,5552
6186,5552
6187,5552
6188,5552
6190,1819
6191,5552
6192,5129
6193,5552
6196,1392
6197,1414
6198,2217
6199,1437
6200,1241
6201,1533
6202,1547
6203,1437
6204,1164
6205,1437
6206,1437
6207,1437
6208,1553
6212,5290
6213,4683
6214,5765
6215,5765
6216,4915
6217,2215
6218,1789
6219,2988
6220,1679
6221,2738
6222,5666
6223,1763
6224,1324
6225,1013
6226,1067
6227,3394
6228,5628
6229,1533
6230,1320
6232,4794
6235,1243
6236,5332
6239,1325
6240,5893
6241,1946
6242,4859
6243,2820
6244,1201
6245,934
6246,1696
6247,5826
6248,3920
6251,2374
6252,1244
6253,5187
6254,5187
6255,1410
6257,1097
6261,1120
6262,1876
6263,4560
6264,5734
6265,5734
6269,1696
6270,2012
6271,3790
6272,2738
6273,5677
6274,1345
6275,1308
6276,1308
6278,1045
6279,1148
6280,1328
6281,5848
6282,1124
6286,5056
6287,5868
6288,5868
6291,5902
6292,5902
6293,5902
6294,5902
6295,985
6296,3098
6297,957
6298,2255
6299,2114
6301,3280
6302,1144
6304,5877
6305,2109
6306,1695
6307,941
6311,1284
6312,4898
6313,1461
6314,1627
6315,1398
6316,1757
6317,1546
6319,1313
6320,2048
6321,1343
6323,1857
6324,4782
6325,4506
6326,5635
6327,1566
6328,2651
6330,1977
6331,4992
6332,5913
6333,5593
6334,2116
6337,2279
6339,4503
6340,1031
6344,1580
6346,1530
6347,2868
6348,5938
6349,5938
6350,5938
6351,1281
6355,5597
6356,5299
6359,2759
6360,1361
6366,5998
6367,5260
6371,5603
6374,5911
6375,5911
6376,1037
6377,2981
6378,1522
6379,5816
6380,4692
6381,2961
6383,5448
6387,5808
6388,1753
6389,950
6391,5799
6392,5799
6393,5799
6394,2321
6395,5799
6396,5799
6397,5799
6398,1475
6399,1151
6400,1842
6406,2741
6407,1320
6408,3398
6409,1141
6410,5691
6411,5691
6412,1244
6413,1244
6414,1917
6415,1847
6416,5272
6417,1562
6421,1534
6422,1392
6423,4816
6424,1135
6426,4350
6427,916
6428,5338
6429,998
6430,5837
6431,5837
6432,1829
6435,938
6436,999
6437,2616
6439,5865
6440,1524
6441,1779
6442,3393
6443,1383
6444,5857
6445,4453
6446,5857
6447,1140
6448,1048
6450,5920
6451,5920
6452,2469
6453,5920
6454,5920
6455,5920
6456,5487
6457,1856
6458,3150
6459,5542
6460,2155
6461,3353
6462,1061
6464,1044
6466,3992
6467,3275
6468,3992
6469,3796
6470,3378
6471,1097
6472,981
6474,1208
6475,1078
6477,5729
6478,5729
6479,1729
6480,5901
6481,3019
6483,1416
6484,4929
6485,5990
6486,1815
6487,4434
6488,2166
6489,5593
6490,5721
6491,1294
6492,5478
6493,5990
6494,2353
6495,5575
6496,3135
6497,6119
6498,2416
6500,1522
6501,2290
6502,4102
6503,1856
6504,4796
6505,2950
6506,5954
6507,5954
6508,5954
6509,5954
6510,1870
6511,1000
6513,6002
6514,6002
6515,6002
6516,5723
6517,5414
6518,1830
6519,5825
6520,5644
6521,5825
6522,1587
6523,1421
6524,1272
6525,1237
6526,1398
6527,5886
6528,3253
6529,1048
6530,802
6532,935
6533,5116
6534,5116
6535,5116
6536,4845
6537,1559
6538,1177
6539,1842
6541,4799
6542,2278
6543,1012
6544,5846
6545,3788
6546,5594
6547,5846
6548,2256
6550,1016
6551,4259
6552,2774
6553,1279
6554,3243
6555,2251
6560,1303
6561,5320
6563,2572
6565,1214
6566,1810
6567,1325
6568,1049
6570,3171
6571,861
6572,5935
6573,5935
6574,5927
6575,5927
6576,3188
6577,3446
6578,5841
6579,5841
6580,5841
6581,5841
6582,5841
6583,5841
6584,5841
6585,5841
6586,1113
6587,1113
6588,1113
6589,3397
6590,1220
6592,975
6594,3395
6595,2948
6596,1431
6598,4760
6599,2095
6600,3223
6601,5962
6602,5962
6603,5962
6604,5962
6605,2268
6606,968
6607,1776
6608,1903
6609,2773
6611,1453
6612,1851
6613,2094
6614,5363
6615,2384
6616,1025
6617,5836
6618,2520
6619,2013
6620,2942
6621,1042
6622,1868
6623,1147
6624,2818
6625,1545
6626,4096
6627,1326
6628,973
6630,5600
6632,3267
6633,5880
6634,1430
6635,4174
6636,1132
6638,6078
6639,5915
6641,1023
6643,1369
6644,5850
6645,5500
6646,1380
6647,5850
6648,1632
6649,1835
6650,5850
6651,5850
6652,5850
6653,5850
6654,5850
6655,1183
6656,5198
6657,4318
6658,4753
6660,1574
6661,1206
6663,1009
6665,1840
6666,1369
6668,997
6670,1064
6671,5052
6672,5922
6673,5922
6674,5922
6675,5922
6676,3641
6677,5922
6678,5922
6679,5922
6680,976
6681,736
6682,898
6683,3100
6684,5045
6685,1091
6686,1098
6687,1119
6688,5890
6689,5890
6690,5890
6691,1119
6692,4851
6695,2559
6696,1068
6697,5925
6698,5925
6699,3096
6700,1646
6701,5498
6702,3850
6703,1017
6705,5620
6706,891
6707,1095
6709,1083
6710,5433
6711,4815
6712,3251
6713,5082
6714,1602
6715,2908
6717,4840
6718,5840
6719,5115
6720,1791
6721,902
6723,1278
6724,980
6725,1208
6726,1047
6727,5983
6728,5983
6729,5959
6730,5959
6731,5959
6732,5959
6734,5407
6735,5859
6736,1311
6737,3261
6738,1092
6739,2029
6744,2731
6745,1514
6746,1828
6747,1270
6749,4837
6751,1801
6752,6016
6753,3964
6755,1090
6756,1051
6757,5122
6758,4529
6759,1349
6760,849
6761,1074
6762,978
6764,6064
6765,1322
6766,1401
6767,5575
6768,5819
6769,1270
6770,2331
6771,5631
6772,1264
6773,5968
6774,1811
6775,904
6776,822
6777,1039
6778,1091
6779,5145
6780,3246
6781,1025
6782,5903
6783,3025
6784,2748
6787,5829
6788,1962
6789,1649
6790,3086
6791,1188
6793,5812
6794,5812
6795,5452
6797,6015
6798,6015
6800,6015
6801,2755
6802,2824
6803,1845
6804,4657
6805,965
6806,1012
6807,4141
6808,2749
6809,1054
6810,5958
6811,5958
6812,1077
6813,1039
6815,1565
6816,1250
6818,5669
6819,6053
6821,5929
6822,5578
6824,1007
6826,1151
6828,5947
6829,4768
6832,2622
6833,1963
6834,5502
6835,6098
6836,6098
6837,6066
6840,1551
6841,5291
6842,5975
6843,5975
6844,5975
6845,4675
6846,3705
6847,5119
6848,1060
6850,1227
6852,5975
6854,5784
6855,1601
6856,866
6858,1118
6859,3657
6860,3115
6861,1433
6862,6056
6863,5414
6864,5388
6865,1995
6866,5337
6867,1220
6869,2920
6870,5529
6871,987
6873,3276
6875,3182
6876,5987
6877,5987
6878,5987
6880,1460
6881,1129
6883,4879
6884,6008
6885,1368
6886,1874
6889,2226
6890,1121
6892,1306
6895,5102
6896,1933
6897,2968
6899,5678
6900,1806
6901,2874
6902,1361
6903,6035
6904,894
6905,5989
6906,2211
6907,2766
6908,5989
6909,5989
6910,5989
6911,1043
6912,5038
6913,2031
6914,1405
6915,1019
6916,1375
6917,866
6918,2039
6920,963
6921,6028
6922,6028
6923,1009
6924,1279
6926,6068
6927,6068
6928,869
6929,6054
6930,3214
6933,953
6934,1539
6935,5713
6936,6136
6938,1049
6940,1393
6941,1342
6942,1022
6943,5478
6945,2085
6946,1689
6947,1949
6948,1476
6949,3818
6950,724
6951,1942
6953,1534
6954,3340
6955,3260
6958,5519
6959,4502
6960,5934
6961,5473
6962,5934
6963,5934
6965,967
6967,830
6968,1003
6969,1003
6971,4099
6972,5937
6974,5444
6975,1467
6976,2528
6978,1336
6979,1238
6980,2028
6981,2457
6982,1079
6983,1363
6984,1207
6985,1045
6986,6117
6987,1036
6990,5997
6991,3327
6993,2119
6994,1486
6995,6100
6996,2127
6997,1069
6998,6053
6999,6053
7000,6053
7001,6053
7002,1225
7003,6053
7004,6053
7005,2963
7006,6053
7007,6053
7008,6053
7009,6053
7010,6053
7011,965
7012,3220
7013,6053
7014,5766
7015,6053
7016,6053
7017,6053
7018,6053
7019,5416
7020,5542
7021,2990
7022,6053
7023,1022
7024,5135
7025,6053
7026,1279
7027,6053
7028,6053
7029,5490
7030,5459
7034,1054
7035,5287
7036,5217
7037,5827
7038,1210
7040,1729
7041,3555
7042,1037
7043,2101
7044,4639
7045,2622
7046,2685
7047,1781
7048,5545
7049,3312
7050,1284
7051,1524
7052,1899
7053,1562
7054,1997
7055,2465
7056,1202
7057,2064
7059,1182
7060,885
7061,5712
7062,1118
7063,3013
7064,899
7065,944
7070,5855
7071,5406
7072,899
7073,2575
7074,1187
7079,5998
7080,2074
7082,6049
7084,6083
7085,6083
7086,2081
7087,1011
7088,2463
7089,1057
7090,1031
7092,1751
7094,1575
7095,6019
7096,902
7098,6045
7099,1740
7100,3406
7101,2970
7103,6142
7104,3809
7106,5321
7107,905
7108,1663
7109,5896
7110,1081
7111,6121
7112,6121
7113,1244
7114,6121
7115,3070
7116,1256
7117,1336
7118,856
7119,3284
7120,1131
7121,3443
7122,5586
7123,1478
7124,5936
7125,5936
7126,1181
7127,5489
7128,5461
7129,1927
7130,5320
7131,1842
7132,2286
7133,5936
7134,5149
7135,5936
7136,1048
7137,1081
7138,1058
7139,1233
7140,1081
7142,5248
7143,3151
7144,3140
7145,6114
7146,959
7149,1049
7150,4676
7151,817
7153,1843
7154,5887
7155,5887
7156,5887
7157,5887
7158,5887
7159,5887
7160,1144
7161,834
7162,1057
7163,1707
7164,991
7165,1094
7166,6081
7167,872
7168,1663
7170,6160
7171,2167
7172,5907
7173,5615
7174,5943
7175,1215
7176,2841
7177,5943
7178,1399
7179,1212
7180,1973
7181,5518
7183,1071
7184,3882
7185,1137
7186,1175
7187,6045
7188,3076
7189,5272
7192,6134
7193,6134
7197,6172
7198,2734
7199,1733
7201,1037
7203,5975
7204,826
7205,5195
7206,5195
7210,6089
7211,6089
7212,6089
7214,2858
7215,1126
7217,5563
7218,6135
7219,882
7220,6048
7221,976
7222,955
7223,6111
7225,1212
7226,3955
7227,1420
7228,971
7229,1319
7230,5203
7231,2641
7232,6178
7233,2476
7234,6178
7235,6178
7236,1285
7237,2811
7238,3274
7239,2860
7240,6175
7241,1963
7243,714
7245,5891
7246,838
7250,912
7251,6245
7252,6245
7253,1233
7254,696
7255,5867
7257,930
7260,1549
7262,1153
7265,6110
7266,4459
7267,6110
7268,6110
7269,6110
7270,1557
7271,2377
7273,1126
7276,5051
7277,2428
7278,2460
7279,1660
7280,2028
7281,4105
7282,5753
7283,6143
7284,5753
7285,6143
7286,6143
7287,6143
7289,987
7290,862
7291,6171
7292,779
7293,4944
7294,2179
7295,1876
7296,868
7297,6087
7298,1041
7299,6125
7300,6125
7301,2182
7302,5687
7304,1118
7305,5891
7306,1048
7309,2465
7310,2465
7315,850
7316,1025
7317,1069
7318,882
7319,864
7320,4273
7321,5465
7323,970
7326,6207
7327,4634
7329,5652
7330,5757
7332,6099
7333,1030
7335,2606
7336,6099
7337,6099
7341,2810
7342,6157
7343,1417
7344,5384
7345,893
7347,6192
7348,5872
7349,6192
7350,2307
7351,1971
7352,1672
7353,6192
7354,1640
7355,6192
7357,1337
7359,751
7360,6178
7362,1059
7363,6055
7365,1013
7371,2920
7372,1042
7373,1783
7374,6086
7376,5284
7377,947
7378,2079
7379,4584
7380,5555
7381,3060
7382,5927
7383,1766
7386,1534
7387,1163
7389,3271
7390,1847
7391,2056
7392,6174
7393,1685
7394,1199
7397,745
7400,2947
7401,5755
7402,4852
7403,6206
7404,6206
7405,2873
7407,945
7409,3726
7413,975
7414,3119
7415,1471
7416,6198
7417,5796
7418,5855
7419,6187
7420,6187
7421,4504
7422,2331
7423,717
7424,5048
7425,4270
7426,1141
7427,1009
7428,899
7429,1009
7430,1009
7431,1009
7434,705
7436,1078
7439,829
7440,783
7441,4744
7442,1069
7443,2965
7444,5193
7445,6172
7446,6172
7447,6172
7448,838
7449,1049
7450,3360
7451,6201
7452,1984
7453,6201
7454,6201
7455,1736
7456,6201
7457,6201
7458,6201
7459,6201
7461,6201
7462,6201
7468,6159
7469,6159
7470,6159
7471,4324
7472,6207
7473,890
7474,890
7476,774
7477,890
7478,2106
7480,6167
7481,6167
7482,6170
7483,6170
7484,5589
7485,6170
7486,6170
7487,6170
7490,1637
7491,857
7492,5317
7493,871
7497,1197
7498,855
7501,6175
7502,5120
7503,6175
7505,6216
7506,609
7508,890
7509,6244
7510,2548
7511,1224
7512,2284
7513,6193
7514,1029
7515,853
7517,2878
7518,1314
7520,779
7522,6024
7523,6024
7524,6024
7525,6024
7527,6024
7528,6024
7529,1540
7531,6144
7533,775
7534,919
7535,6197
7536,6197
7537,6197
7538,826
7540,826
7544,1524
7545,5984
7546,1075
7549,881
7550,1046
7553,1186
7554,888
7557,1028
7561,2944
7563,6204
7564,1325
7565,950
7567,857
7569,923
7570,5716
7571,944
7572,944
7574,878
7576,987
7577,987
7578,1922
7579,1002
7580,907
7581,987
7583,728
7585,6238
7586,1213
7587,1323
7588,1135
7590,599
7593,928
7594,1365
7595,6010
7597,2228
7598,1739
7599,1023
7600,1023
7601,5244
7602,941
7604,893
7605,929
7608,5451
7609,5360
7610,6223
7611,816
7613,816
7614,2124
7615,6048
7616,6048
7617,6048
7618,2826
7619,1014
7620,1121
7623,3185
7624,3333
7625,2060
7626,6338
7629,6176
7630,884
7632,2322
7634,932
7636,832
7637,6243
7638,1602
7639,1602
7642,713
7644,6225
7645,6225
7646,3084
7647,1121
7648,900
7649,2822
7650,5821
7651,2308
7652,881
7653,861
7658,821
7659,5113
7660,6228
7661,5489
7662,2789
7663,6279
7664,6279
7665,1939
7666,955
7668,989
7669,778
7670,6251
7672,926
7673,874
7675,1235
7676,5168
7677,2437
7678,5794
7679,1647
7682,1277
7683,2133
7684,4673
7685,4292
7686,1992
7687,810
7688,767
7690,834
7691,897
7694,2573
7695,3055
7696,5064
7697,1072
7698,6115
7699,1252
7701,951
7703,823
7704,6374
7705,6374
7706,5935
7707,1549
7708,751
7715,6200
7716,5778
7717,5778
7719,1166
7720,906
7721,6086
7724,882
7726,1819
7727,1881
7728,698
7729,3986
7730,753
7732,4599
7733,2197
7734,838
7735,864
7736,4890
7737,6274
7738,795
7740,1436
7741,5472
7742,6315
7743,1369
7744,2030
7745,6235
7747,1123
7750,836
7751,6237
7752,5948
7753,5948
7754,6265
7755,952
7756,5948
7757,2179
7758,6244
7759,5341
7760,6244
7761,6244
7762,6244
7763,3084
7765,811
7766,4341
7767,5963
7768,3323
7769,4791
7770,6098
7771,4940
7772,1245
7773,6348
7774,1495
7775,3465
7777,6348
7778,3211
7779,5518
7780,5083
7781,6113
7782,6113
7783,6113
7788,3026
7789,6319
7790,1637
7791,1388
7792,5291
7795,2338
7796,673
7797,738
7799,871
7800,6083
7801,6083
7802,6083
7803,1201
7804,1016
7805,1016
7806,5829
7808,3195
7809,2662
7810,2525
7812,1948
7813,3034
7814,6073
7815,956
7818,1030
7819,880
7821,6360
7822,6360
7826,5304
7827,1774
7828,1774
7829,1921
7830,6251
7831,3642
7832,6251
7833,3056
7834,6251
7835,2765
7836,799
7837,5350
7839,1042
7840,711
7841,6278
7842,5716
7843,5614
7844,6123
7845,5649
7848,949
7849,6401
7850,6401
7851,6401
7852,667
7853,5882
7854,6321
7855,3043
7856,5346
7857,896
7860,2994
7861,2334
7862,2891
7863,6337
7864,5793
7865,1787
7866,6296
7867,6293
7868,6293
7869,6378
7870,758
7871,3258
7873,920
7874,849
7875,2613
7877,3559
7878,6336
7879,3142
7881,808
7882,3087
7883,6343
7884,4576
7885,1992
7886,6343
7887,6343
7888,6343
7889,6343
7890,2392
7891,6085
7892,6085
7893,5643
7894,6085
7899,734
7900,1874
7901,1678
7902,2620
7903,5292
7904,4839
7905,6364
7906,819
7907,1147
7908,2804
7909,689
7910,2114
7911,6386
7912,3324
7913,727
7914,6288
7915,6338
7916,6009
7919,3469
7920,4021
7921,809
7922,6311
7923,6311
7924,1429
7925,6311
7927,3241
7928,869
7929,1497
7930,6296
7931,5493
7932,737
7933,1412
7934,763
7935,763
7937,6280
7938,5746
7939,6280
7940,6280
7941,6280
7942,6280
7944,6310
7945,1674
7946,2196
7948,6030
7949,6405
7950,6405
7952,553
7953,6289
7954,6310
7955,6310
7956,6310
7957,946
7959,6355
7960,6355
7961,3130
7964,1716
7965,3410
7966,6000
7967,2283
7968,951
7969,985
7970,1088
7974,6332
7975,6332
7976,6332
7978,6329
7979,3106
7980,1131
7985,6150
7986,4366
7991,620
7992,1566
7993,2626
7994,911
7995,3871
7996,826
7998,6131
7999,6131
8000,6131
8001,6131
8002,1504
8005,5618
8006,4923
8007,650
8009,6323
8010,5991
8011,6323
8012,4564
8013,6323
8019,692
8020,1249
8021,2140
8023,6347
8024,716
8025,752
8027,1917
8028,688
8033,580
8035,6333
8036,4377
8037,3323
8038,844
8040,6334
8041,5361
8042,2883
8043,701
8044,2967
8045,944
8046,1256
8047,2145
8048,5185
8049,6300
8050,899
8051,3081
8052,6301
8053,1602
8054,5746
8055,6319
8056,6319
8057,6319
8058,738
8060,5674
8061,1861
8062,6158
8063,5417
8064,6158
8065,6158
8066,812
8068,877
8069,4823
8070,6240
8071,6240
8072,6240
8073,3477
8077,5267
8079,676
8080,6469
8081,6469
8083,1833
8084,6358
8085,3232
8086,6358
8087,6358
8088,6301
8089,768
8090,533
8091,6310
8092,2653
8093,6310
8094,4841
8095,6310
8096,6310
8097,875
8098,6212
8099,6212
8100,6212
8101,6212
8102,6212
8103,6212
8104,6212
8105,6212
8106,6212
8107,2604
8108,847
8109,6212
8110,6212
8111,814
8112,868
8114,847
8115,847
8118,6375
8119,6375
8120,6375
8121,3185
8122,1622
8124,3000
8126,1784
8128,2990
8130,829
8131,3646
8132,887
8133,6322
8134,1060
8135,6184
8136,6184
8137,6184
8138,879
8139,568
8140,6229
8141,1266
8142,842
8144,842
8145,696
8146,4661
8147,4197
8148,865
8149,640
8150,1868
8152,3988
8153,6389
8155,6205
8156,5100
8157,5688
8158,861
8159,861
8161,6402
8162,3617
8163,3002
8165,643
8166,6363
8167,6363
8168,2469
8169,915
8170,6423
8171,5981
8172,6423
8173,2802
8174,3089
8175,2001
8177,6436
8178,1071
8179,6436
8180,6436
8181,6436
8182,6436
8183,6436
8184,634
8186,697
8187,6350
8189,2377
8190,5468
8192,2669
8193,5651
8194,6420
8195,6420
8196,6326
8197,6326
8198,1408
8199,6033
8202,6318
8203,6318
8204,720
8205,6318
8206,740
8209,3148
8211,2588
8212,2888
8213,6338
8214,6183
8215,6350
8216,6350
8219,2871
8221,6361
8222,1802
8224,1217
8225,800
8226,1998
8227,782
8229,1386
8231,6236
8232,6236
8233,6236
8235,795
8236,6372
8237,3022
8238,6190
8241,6045
8242,6443
8243,1026
8244,1205
8245,1205
8246,702
8248,5690
8249,956
8251,6342
8252,6363
8253,6363
8254,6363
8255,6363
8256,6363
8260,6355
8261,6355
8262,6331
8263,1050
8264,6347
8265,6347
8266,6347
8270,6132
8271,626
8272,6336
8273,6336
8274,3431
8275,619
8276,619
8277,1415
8282,2970
8283,736
8284,1711
8285,952
8286,5923
8287,2457
8288,611
8289,1746
8290,998
8291,1343
8292,1025
8293,987
8294,860
8295,902
8296,667
8297,798
