3,7063
4,7044
5,7065
6,7011
7,7061
8,7019
9,7057
10,7046
11,7013
12,7046
13,7063
14,7051
15,6942
16,7066
17,7060
18,7062
19,7063
20,7027
21,7064
22,7066
23,7036
24,7020
25,7030
26,7058
27,7051
28,7001
29,7051
30,7063
31,7057
32,7052
33,7062
34,7058
35,7065
36,7062
37,7064
38,7064
39,7055
40,7065
41,7062
42,7061
43,7066
44,7064
45,7064
46,7064
47,7021
48,7061
49,7059
50,7063
51,7055
52,7066
53,7051
54,7066
55,7047
56,7006
57,7065
58,7059
59,7066
60,7066
61,7066
62,7059
63,7066
64,7057
65,7066
66,7060
67,7062
68,6966
71,7018
72,6895
73,7062
74,7061
75,7044
76,7066
77,7064
78,7048
79,7037
80,7056
81,7050
82,7066
83,7066
84,7066
85,7066
86,7032
87,7027
88,7065
89,7058
90,7056
91,7065
92,7066
93,7055
94,6971
95,7044
96,7065
98,7063
99,7057
100,7065
101,7061
102,7063
103,7052
104,7053
105,7056
106,7063
107,7066
108,7058
109,7035
110,7029
111,7063
112,7066
113,7045
114,7066
115,7063
116,7064
117,7065
118,7065
119,7065
120,7060
121,7058
122,7035
123,7065
124,7064
125,7063
126,7064
127,7010
128,7035
129,7066
130,7065
132,7053
133,7064
134,7064
135,7065
136,7029
137,7065
138,7062
139,7058
140,7057
141,7065
142,7052
143,7063
144,7037
145,7064
146,7066
147,7054
149,7066
150,7051
151,7025
152,7053
153,7050
154,7053
155,7045
156,7065
157,7061
158,7060
159,7065
160,7065
161,7059
162,7065
163,7064
164,7065
165,7065
166,7046
167,7056
168,7064
169,7066
171,7029
172,7057
173,7055
174,7065
175,7055
176,7066
177,7060
178,7053
179,7064
180,7066
181,7065
182,7043
183,7066
185,7065
187,7061
188,7065
189,7066
190,7066
191,7056
192,7038
193,7064
194,7064
195,7065
196,7065
197,7061
198,7065
199,7059
200,7065
201,7065
202,7063
203,7058
204,7035
205,7062
206,7065
207,7065
208,7063
209,7065
210,7065
211,7064
212,7066
213,7065
214,6974
215,7046
216,7064
217,7066
218,7065
219,7066
221,7066
222,7057
223,7064
224,7061
225,7066
226,7050
227,7064
228,7066
230,7055
231,7060
232,7059
233,7066
234,7066
235,7066
236,7065
237,7059
238,7066
239,7066
240,7063
241,7066
242,7065
243,7032
244,7064
245,7064
246,7047
247,7060
248,7065
249,7063
250,7065
251,7062
252,7065
253,7066
254,7055
255,7060
256,7064
257,7060
258,7065
259,7037
260,7066
261,7060
263,7063
264,7066
265,7065
266,7066
267,7066
268,7066
269,7061
270,7066
271,7045
273,7058
274,7061
275,7056
276,7063
277,7064
280,7063
282,7038
283,7066
284,7060
285,7019
286,7063
287,7065
288,7065
289,7065
290,6998
291,7061
292,7065
293,7066
294,7065
295,7065
296,7060
297,7064
298,7064
299,7002
300,7057
301,7066
302,7042
303,7064
304,7045
305,7065
306,7024
307,7065
308,7060
309,7066
310,7056
311,7033
312,7055
313,7049
314,7062
315,7058
316,7066
317,7042
318,7065
319,7053
320,7062
321,7060
322,7052
323,7066
324,7053
325,7054
326,7063
327,7065
328,7063
329,7063
330,7065
331,7064
332,7066
333,7065
334,7064
335,7064
336,7063
337,7066
338,7066
339,7060
340,7064
341,7026
342,7066
343,7066
344,7066
345,7065
346,6986
347,7064
348,7064
349,7062
350,7065
351,7066
352,7062
353,7061
355,7065
356,7059
357,7066
358,7064
359,7060
362,7066
363,7064
364,7063
365,7063
366,7063
367,7065
368,7051
369,7065
370,7064
371,7058
372,7061
373,7066
374,7066
375,7066
376,7065
377,7066
378,7066
379,7066
381,7066
382,7066
383,7039
384,7066
386,7064
387,7057
388,7066
389,7060
390,7066
391,7065
392,7066
393,7066
394,7066
395,7060
396,7066
397,7066
398,7065
399,7066
400,7062
401,7066
402,7063
403,7063
404,7066
405,7058
406,7051
407,6956
408,7066
409,7065
410,7065
411,7066
412,7066
413,7066
414,7065
415,7055
416,7066
417,7033
418,7066
419,7066
421,7066
422,7066
423,7065
424,7066
425,7031
426,7050
427,7065
428,7058
429,7064
430,7065
431,7066
432,7055
433,7066
434,7066
435,7053
436,7066
437,7066
438,7066
439,7064
440,7066
441,7066
443,7066
444,7066
445,7066
446,7066
447,7057
448,7065
449,7061
450,7065
451,7065
453,7066
454,7063
455,7063
456,7064
457,6931
458,7065
460,7065
461,7064
462,7064
463,7060
465,7058
467,7061
468,7065
469,7064
472,7066
473,7066
476,7066
477,7046
479,7064
480,7065
481,7065
486,7065
488,7066
489,7064
490,7066
492,7066
493,7065
494,7066
495,7063
497,7065
498,7065
499,7063
501,7065
502,7064
504,7066
506,7039
507,7065
509,7066
511,7063
513,7064
514,7052
515,7057
516,7066
517,7060
519,7066
520,7066
521,7066
522,7066
523,7066
524,7055
525,7059
527,7066
528,7066
529,7066
530,7064
531,7065
532,7065
534,7065
536,7062
538,7066
539,7066
540,7066
541,7066
542,7066
543,7066
544,7066
545,7064
546,7024
547,7066
548,7066
549,7062
550,7066
551,7065
552,7066
553,7063
554,7064
555,7066
556,7056
557,7066
558,7066
559,7064
560,7066
561,7065
562,7066
563,7066
564,7063
565,7059
566,7066
567,7066
568,7066
569,7066
570,7065
571,7066
572,7063
573,7066
574,7064
575,7066
576,7066
577,7066
578,7066
579,7065
580,7064
581,7066
582,7061
583,7048
584,7066
585,7066
586,7059
587,7050
588,7066
589,7066
590,7066
591,7066
592,7062
593,7066
594,7066
595,7065
596,7065
597,7066
598,7066
599,7066
600,7007
601,7061
602,7066
604,7066
605,7066
606,7052
607,7065
608,7042
609,7065
610,7065
611,7059
612,7066
613,7064
614,7062
615,7058
616,7061
617,7065
618,7062
619,7058
620,7062
621,7065
622,7063
624,7066
625,7066
626,7063
627,7066
628,7064
631,7064
632,7066
633,7058
634,7015
635,7048
636,7063
637,7065
638,7066
639,7062
640,7065
641,7066
642,7066
643,7061
644,7060
645,7056
646,7063
647,7062
648,7064
649,7040
650,7050
651,7065
652,7066
653,7066
654,7066
655,7065
656,7065
657,7066
658,7065
659,7043
661,7066
662,7066
663,7023
664,7058
665,7037
666,7066
667,7065
668,7065
669,7065
670,7059
672,7066
673,7057
674,7063
675,7065
676,7065
677,7060
678,7065
679,7066
681,7065
682,7046
683,7065
684,7063
686,7035
687,7054
688,7066
689,7045
690,7066
691,7064
692,7066
693,7066
694,7062
695,7029
696,7062
697,7049
698,7062
699,7063
700,7066
701,7065
703,7066
704,7059
705,7045
706,7022
707,7047
708,7051
709,7065
710,7042
711,7065
712,7065
713,7064
714,7045
715,7059
716,7066
717,7061
718,7066
719,7066
720,7066
721,7065
722,6901
723,7066
724,7065
725,7064
726,7066
727,7052
728,7065
729,7066
730,7056
731,7066
732,7065
733,7065
734,7066
735,7066
736,7065
737,6925
738,7065
739,7054
741,7030
742,7050
743,7066
744,7060
745,7066
746,7066
748,7066
749,7062
750,7066
751,7066
752,7066
753,7066
754,7063
755,7065
756,7046
758,7066
759,7041
760,7066
761,7031
762,6928
763,7042
764,7052
765,7060
766,6965
767,7066
768,7065
769,7048
770,7066
771,7051
772,7066
773,7066
774,7066
775,7066
776,7066
778,7043
779,7064
780,7065
781,7062
782,7066
783,7066
784,7020
785,7066
786,7065
787,7056
788,6999
789,6927
791,7047
792,7065
793,7062
794,7057
795,7061
796,7065
797,7059
798,7061
799,7066
800,7066
801,7064
802,7063
803,7064
804,7066
805,7055
806,7064
807,7066
808,7064
810,7032
811,7066
812,7066
813,7045
814,7065
815,7066
816,7061
817,7065
818,7066
819,7066
820,7057
821,7066
822,7066
823,7062
824,7064
825,7028
826,7020
827,7046
829,7042
830,7065
831,7066
832,7065
835,7065
836,7066
837,7065
838,7057
839,7066
840,7038
841,7025
842,7063
843,7066
844,7054
845,7066
847,7066
848,7065
849,7052
850,7066
851,7066
852,7051
853,7063
854,7020
855,7065
856,6989
857,7035
859,7057
860,7064
861,7066
862,7066
863,7060
864,7066
865,7012
866,7058
867,7066
868,7066
869,7064
870,7064
871,7052
872,7063
873,7054
874,7065
875,7049
876,7066
877,7066
878,7066
879,7045
880,7066
881,7065
882,7063
883,7065
885,7063
886,7065
887,7066
888,7066
889,7066
890,7066
891,7066
892,7066
893,7057
895,7061
896,7033
897,7059
898,7063
899,7064
900,7066
902,7064
903,7060
904,6983
905,7065
906,7048
907,7063
908,7063
909,7060
910,7066
911,7062
912,7065
913,7061
914,7065
915,7065
916,7065
917,7066
918,7063
919,7066
920,7065
921,7066
922,7052
923,7065
924,7065
926,7065
927,7065
928,7055
929,7062
930,7047
931,7066
932,7066
933,7058
934,7056
935,7063
936,7066
937,7038
938,7035
940,7066
941,7056
942,7059
943,7063
944,7066
945,7064
946,7034
947,7058
948,7063
949,7066
950,7065
951,7065
954,7040
955,7061
956,7063
957,7066
958,7066
959,7051
960,7059
961,7061
962,7066
963,7052
964,7066
965,7065
966,7054
967,7062
968,7064
969,7066
970,7065
971,7043
972,7066
973,7065
974,7048
975,7063
976,7066
977,7064
978,7005
979,7052
980,7065
981,7066
982,7047
983,7061
984,7063
985,7061
986,7033
987,7066
988,7020
989,7051
990,7066
991,7066
992,7066
993,7057
994,7063
995,7066
996,7039
998,7061
999,7064
1000,7038
1001,7066
1002,7066
1003,7065
1004,7061
1005,7062
1006,7055
1007,7065
1008,7063
1009,7064
1010,7066
1011,7064
1012,7028
1013,7052
1014,7043
1016,7066
1017,7065
1018,7061
1019,7065
1020,7054
1021,7066
1022,7064
1023,7066
1024,7038
1025,7066
1026,6971
1027,7066
1028,7065
1029,6938
1030,7061
1031,7058
1032,7061
1033,7063
1034,7066
1035,7056
1037,7026
1038,7065
1039,7065
1040,7066
1041,7047
1042,7062
1043,7064
1044,7066
1045,7066
1046,7050
1047,7066
1048,7066
1049,7065
1050,7053
1051,7065
1052,7064
1053,7050
1055,6986
1058,7066
1059,7066
1060,7064
1061,7055
1062,7064
1063,7066
1064,7063
1065,7066
1066,7066
1067,7064
1068,7066
1070,7066
1071,7066
1072,7066
1074,7037
1075,7049
1077,7058
1078,7066
1079,7066
1080,7034
1081,7066
1082,7066
1083,7066
1084,7064
1085,7065
1086,7066
1087,7065
1088,7066
1089,7060
1090,7066
1092,7055
1093,7066
1094,7066
1095,7065
1096,7066
1097,7063
1098,7011
1099,7065
1100,7042
1101,7066
1102,7063
1103,7061
1104,7065
1105,7064
1106,7065
1107,7065
1108,7065
1109,7065
1110,7065
1111,7042
1112,7065
1113,7064
1114,7060
1115,7066
1120,7066
1123,7048
1124,7063
1125,7047
1126,7066
1127,7059
1128,7062
1129,7052
1130,7066
1131,7066
1132,7050
1133,6932
1134,7066
1135,7061
1137,7032
1138,7065
1139,7066
1140,7026
1141,7066
1142,7045
1143,7066
1144,7064
1145,7066
1146,7066
1147,7066
1148,7066
1150,7066
1151,7021
1152,7062
1154,7039
1155,7066
1156,7060
1157,7030
1158,7066
1159,7049
1160,7055
1161,7065
1164,7048
1165,7059
1166,6699
1167,6977
1168,7066
1169,7059
1170,7066
1171,7066
1172,7066
1173,7066
1174,7066
1175,7066
1176,7066
1177,7064
1178,7065
1179,7063
1180,7064
1181,7065
1182,7064
1183,7064
1184,7043
1185,7044
1186,7017
1187,7064
1188,7066
1189,7066
1190,7066
1191,7053
1192,7047
1193,7054
1194,7066
1195,7066
1196,7060
1197,7066
1198,7064
1199,7045
1200,7050
1201,7053
1202,7066
1203,7063
1204,7063
1205,7066
1206,7066
1207,7064
1208,7066
1209,7066
1210,7065
1211,6973
1212,7064
1213,7066
1214,7066
1215,7040
1216,7066
1218,7064
1219,7066
1220,7064
1221,7064
1222,7059
1223,7066
1224,7066
1225,7066
1226,7066
1227,7066
1228,7064
1229,7066
1230,7063
1231,7066
1232,7061
1233,7061
1234,7062
1235,7066
1236,7059
1237,7064
1238,7066
1239,7064
1240,7058
1241,7062
1242,7066
1243,7061
1244,7066
1245,7066
1246,7065
1247,7051
1248,7059
1250,7064
1252,7066
1253,7035
1254,7066
1255,7066
1256,7066
1257,7066
1258,7066
1259,7059
1260,7052
1261,7022
1262,7066
1264,7066
1266,7056
1267,7063
1268,7065
1269,7065
1270,7058
1271,7066
1272,7066
1273,7066
1274,7066
1275,7066
1276,7066
1277,7047
1278,7043
1279,7058
1280,7064
1281,7066
1282,7061
1284,7064
1285,7059
1286,7054
1287,7060
1290,7065
1291,7066
1292,7064
1293,7058
1294,7066
1295,7066
1296,7065
1297,6936
1298,7065
1299,7065
1300,7066
1301,7066
1302,7066
1303,7066
1304,7066
1305,6998
1306,7065
1307,7047
1308,7066
1309,7066
1310,7065
1311,7066
1312,7066
1313,7065
1314,7066
1315,7039
1316,7066
1317,7066
1318,7066
1319,7052
1320,7066
1321,7041
1322,7055
1323,7063
1324,7066
1325,7066
1326,7062
1327,7065
1328,7065
1329,7065
1330,7065
1331,7066
1332,7066
1333,7066
1334,7066
1335,7043
1336,7065
1337,7066
1338,7066
1339,7065
1340,7066
1341,7066
1342,7065
1343,7066
1344,7065
1345,7066
1346,7065
1349,7065
1350,7062
1351,7066
1352,7057
1353,7060
1354,7063
1355,7066
1356,7064
1357,7058
1358,7053
1359,7065
1360,7053
1361,7065
1362,7065
1365,7066
1366,7066
1367,7043
1368,7043
1369,7065
1370,7064
1372,7065
1373,7065
1374,6939
1375,7064
1376,7066
1377,7061
1378,7065
1379,7066
1380,7060
1381,7062
1382,7056
1383,7066
1384,7047
1385,6989
1386,7061
1387,7066
1388,7066
1389,7066
1390,7060
1391,7066
1392,7066
1393,7063
1394,7061
1395,7056
1396,7064
1397,7066
1398,7066
1399,7066
1400,7064
1401,7066
1402,7064
1403,7066
1404,7066
1405,7066
1406,7066
1407,7064
1408,7066
1409,7066
1410,7066
1411,7046
1412,7062
1413,7066
1416,7059
1418,7065
1419,7053
1420,7062
1421,7065
1422,7066
1423,7063
1424,7054
1425,7065
1426,7066
1427,7066
1428,7028
1429,7065
1430,7066
1431,7066
1432,7065
1433,7066
1434,7065
1435,7056
1436,7066
1437,7045
1438,7066
1439,7065
1440,7066
1441,7035
1442,7060
1443,7066
1444,7066
1445,7066
1446,7065
1447,7066
1448,7066
1449,7066
1450,7066
1451,7066
1452,7066
1453,7036
1454,7066
1455,7066
1456,7066
1457,7066
1458,7066
1459,7066
1460,7066
1461,7066
1462,7043
1463,7059
1464,7060
1465,7064
1466,7066
1467,7063
1468,7065
1469,7063
1470,7018
1471,7032
1472,7062
1473,7039
1474,7066
1476,7066
1478,7055
1480,7066
1481,7066
1482,7065
1483,7065
1484,7064
1485,7054
1486,7053
1487,7061
1488,7065
1489,7038
1490,7065
1492,7065
1493,7052
1494,7066
1495,7066
1496,7038
1497,7044
1498,7063
1499,7064
1500,7042
1501,7046
1502,7066
1503,7065
1504,7065
1505,7065
1506,7059
1507,7064
1509,7066
1510,7064
1511,7065
1512,7065
1513,7062
1514,7053
1515,7066
1516,7066
1517,7066
1518,7066
1519,7066
1520,7064
1521,7060
1522,7010
1523,7066
1524,7066
1525,7055
1526,7066
1527,7065
1528,7066
1529,7064
1530,7065
1531,7064
1532,7056
1533,7057
1534,7065
1535,7066
1536,7066
1537,7065
1538,7056
1539,7064
1540,7066
1541,7066
1542,7048
1543,7065
1545,7065
1546,7065
1547,7062
1548,7043
1549,6897
1550,7042
1551,7066
1552,7034
1553,7056
1554,7064
1555,7051
1556,7065
1557,7055
1558,7066
1559,7066
1560,7065
1561,7066
1563,7061
1564,7022
1565,7064
1566,7058
1568,7066
1569,7038
1570,7066
1571,7064
1572,7064
1573,7059
1574,7066
1575,7066
1576,7065
1578,7066
1579,7066
1580,7064
1581,7064
1582,7062
1583,7053
1584,7066
1585,7039
1587,7064
1588,7066
1589,7059
1590,7066
1591,7066
1592,7056
1593,7066
1594,7057
1595,7066
1596,7032
1597,7056
1599,7066
1600,7055
1601,7066
1602,7066
1603,7056
1604,7066
1605,7066
1606,7066
1607,7066
1608,7025
1609,7066
1610,7062
1611,7066
1612,6989
1613,7062
1614,7060
1615,7008
1616,7066
1617,7066
1618,7064
1619,7066
1620,7066
1621,7058
1622,7052
1623,7063
1625,7066
1626,7066
1627,7065
1628,7064
1629,7066
1630,7066
1631,7065
1632,7066
1633,7044
1634,7066
1635,7066
1636,7057
1637,7058
1638,7060
1639,7066
1641,7066
1642,7066
1643,7066
1644,7059
1645,7066
1646,7065
1647,7062
1648,7054
1649,7066
1650,7066
1651,7066
1652,7062
1653,7066
1654,7063
1655,7066
1656,7066
1657,7064
1658,7062
1659,7066
1660,7066
1661,7032
1662,7058
1663,7065
1664,7066
1665,7066
1666,7066
1667,7042
1668,7066
1669,7066
1670,7062
1671,7066
1672,7066
1674,7065
1675,7066
1676,7066
1677,7066
1678,7055
1679,7019
1680,7027
1681,7066
1682,7066
1683,7066
1684,7066
1685,7066
1686,7066
1687,7058
1688,7064
1689,7066
1690,7066
1691,7063
1692,7065
1693,7066
1694,7066
1695,7066
1696,7065
1697,7037
1698,7066
1699,7066
1700,7014
1701,7047
1703,7066
1704,7066
1705,7060
1706,7063
1707,7061
1708,7066
1709,7062
1710,7066
1711,7064
1712,7066
1713,7066
1714,7065
1715,7066
1716,7057
1717,7033
1718,7039
1719,7065
1720,7065
1721,7066
1722,7066
1723,7065
1724,7066
1725,7066
1726,7066
1728,7065
1729,7061
1730,7049
1731,7065
1732,7060
1733,7063
1734,7055
1735,7066
1736,7066
1737,7063
1738,7066
1739,7066
1740,7065
1741,7063
1742,7065
1743,7066
1744,7044
1745,7066
1746,7066
1747,7066
1748,7021
1749,7051
1751,7043
1752,7063
1753,7066
1754,7060
1755,7066
1756,7058
1757,7045
1758,7060
1759,7064
1760,7066
1761,7065
1762,7056
1763,7066
1764,7065
1765,7066
1766,7058
1767,7041
1768,7062
1769,7059
1770,7054
1771,7060
1772,7014
1773,7065
1774,7064
1775,7066
1777,7039
1778,7062
1780,7054
1781,7066
1782,7066
1783,7057
1784,7066
1785,7066
1787,7047
1788,7065
1789,7066
1790,7066
1791,7065
1792,7040
1793,7058
1794,7064
1795,7063
1796,7065
1797,7066
1798,7064
1799,7060
1800,7066
1802,7066
1803,7066
1804,7066
1805,7053
1806,7066
1807,7064
1808,7036
1809,7066
1810,7066
1811,7057
1812,7063
1813,7056
1814,7036
1816,7065
1819,7059
1820,7060
1821,7062
1822,7065
1823,7056
1825,7066
1826,7066
1827,7066
1828,7066
1829,7066
1830,7066
1831,7066
1832,7066
1833,7060
1834,7066
1835,7037
1836,7054
1837,7050
1838,7062
1839,7065
1840,7064
1841,7065
1842,7029
1844,7066
1845,7066
1846,7066
1847,7062
1848,7062
1849,7049
1852,7065
1853,7065
1855,7042
1856,7066
1857,7056
1858,7066
1859,7042
1860,7065
1861,7050
1862,7065
1863,7065
1864,7037
1865,7053
1866,7066
1867,7066
1868,7064
1869,7066
1870,7066
1871,7066
1872,7065
1873,7066
1874,7059
1875,7058
1876,7064
1879,7066
1880,7066
1881,7066
1882,7066
1883,7066
1884,7045
1885,7063
1886,7065
1887,7066
1888,7057
1889,7066
1890,7066
1891,7053
1892,7066
1893,7064
1894,7066
1895,7066
1896,7061
1897,7066
1899,7066
1900,7066
1901,7066
1902,7066
1903,7066
1905,7066
1906,7066
1907,7066
1908,7066
1909,7066
1911,7066
1912,7066
1913,7066
1914,7066
1915,7026
1916,7066
1917,7066
1918,7039
1919,7047
1920,7056
1921,7066
1922,6978
1923,7065
1924,7063
1925,7065
1926,7066
1927,7065
1928,7061
1929,7066
1930,7066
1931,7065
1932,7066
1933,7066
1934,7066
1935,7035
1937,7059
1938,7065
1939,7065
1940,7061
1941,7066
1943,7065
1944,7064
1945,7066
1946,7063
1947,7058
1948,7060
1950,7062
1951,7063
1952,7066
1953,7066
1955,7059
1956,7023
1958,7066
1959,7066
1960,7066
1961,7046
1962,7062
1963,7066
1964,7061
1965,7066
1966,7065
1967,7066
1968,7065
1969,7065
1970,7066
1971,7065
1972,7066
1973,7053
1975,7066
1976,7066
1977,7062
1978,7066
1979,7062
1980,7062
1981,7066
1982,7019
1983,7065
1984,7032
1985,7063
1986,7062
1987,7066
1988,7066
1989,7066
1990,7044
1991,7066
1992,7065
1993,7066
1994,7066
1995,7066
1996,7066
1997,7065
2000,7066
2001,7064
2002,7065
2003,7042
2004,7061
2005,7066
2007,7059
2008,7066
2009,7047
2010,7049
2011,7065
2012,7066
2013,7066
2014,7061
2015,7066
2016,7063
2017,7066
2018,7065
2019,7066
2020,7066
2021,7066
2023,7066
2024,7066
2025,7066
2026,7066
2027,7066
2028,7066
2029,7066
2030,7066
2031,7066
2032,7066
2033,7056
2034,7066
2035,7066
2036,7064
2037,7064
2038,7066
2040,7065
2041,7065
2042,7065
2044,7065
2045,7065
2047,7066
2049,7065
2050,7066
2051,7066
2052,7065
2053,7051
2054,7066
2055,7058
2056,7066
2057,7066
2058,7066
2059,7065
2060,7057
2061,7066
2062,7045
2063,7061
2064,7065
2065,7059
2066,7005
2067,7066
2068,7064
2069,7051
2070,7066
2071,7066
2072,7045
2073,7066
2076,7066
2077,7066
2079,7066
2081,7066
2082,7066
2083,7060
2084,7064
2085,7065
2086,7066
2087,7066
2088,7064
2089,7066
2090,7066
2091,7060
2092,7064
2093,7061
2094,7066
2095,7063
2096,7066
2097,7061
2099,7065
2100,7065
2101,7052
2102,7047
2103,7066
2104,7065
2105,7058
2106,7056
2108,7066
2109,7044
2110,7066
2111,7066
2112,7059
2113,7064
2114,7051
2115,7062
2116,7059
2117,7061
2118,7065
2119,7065
2120,6996
2121,7055
2125,7066
2126,7066
2127,7065
2128,7064
2129,7053
2130,7066
2131,7066
2132,7066
2133,7055
2134,7064
2135,7048
2136,7066
2137,7066
2138,7066
2139,7063
2141,7066
2142,7066
2143,7066
2144,7044
2145,7042
2146,7066
2147,7066
2148,7066
2149,7066
2150,7066
2151,7055
2152,7062
2153,7066
2155,7066
2156,7040
2157,7053
2159,7055
2160,7028
2161,7064
2163,7056
2164,7065
2165,7060
2167,7066
2168,7066
2169,7065
2170,7066
2171,7059
2172,7061
2173,7066
2174,7043
2175,7065
2176,7052
2177,7063
2178,7064
2179,7066
2180,7066
2181,7065
2182,7045
2183,7066
2184,7066
2185,7063
2186,7062
2187,7066
2188,7065
2189,7066
2190,7066
2191,7066
2192,7064
2193,7062
2194,7064
2195,7046
2196,7066
2197,7065
2198,7066
2199,7066
2200,7066
2201,7066
2202,7066
2203,7066
2204,7066
2205,7050
2206,7043
2209,7057
2210,7019
2211,7058
2212,7066
2213,7066
2214,7066
2215,7062
2216,7066
2217,7061
2218,7066
2219,7066
2221,7066
2222,7066
2223,7052
2224,7066
2225,7065
2226,7061
2227,7066
2228,7066
2229,6932
2230,7054
2231,7020
2232,7056
2233,7060
2234,7050
2235,7066
2236,7066
2237,7027
2238,7066
2239,7066
2240,7032
2241,7065
2242,7056
2243,7066
2244,7064
2246,7064
2247,7065
2249,7066
2250,7065
2251,7064
2252,7025
2253,7064
2254,7066
2255,7066
2256,6926
2257,7063
2258,7059
2259,7066
2260,7065
2261,7065
2262,7065
2264,7057
2265,7065
2266,7065
2267,7066
2268,7066
2269,7066
2270,7066
2272,7063
2273,7061
2274,7051
2276,7043
2277,7047
2278,7063
2280,7066
2281,7061
2282,7066
2283,7066
2285,7024
2286,7066
2287,7066
2288,7066
2289,7057
2290,7031
2291,7066
2292,7066
2293,7066
2294,7042
2295,7065
2296,7066
2297,7044
2298,7043
2299,7062
2300,7066
2301,7066
2302,7066
2306,7066
2307,7042
2308,7066
2309,7066
2310,7065
2311,7065
2312,7065
2313,7065
2314,7063
2315,7065
2316,7062
2317,7064
2318,7063
2319,7063
2320,7063
2321,7063
2322,7051
2323,6975
2324,7065
2325,7061
2326,7028
2328,7047
2329,7066
2330,7066
2331,7066
2332,7049
2333,7066
2334,7066
2335,7066
2336,7066
2337,7066
2338,7059
2339,7066
2340,7045
2341,7064
2342,7061
2343,7063
2344,7066
2345,7059
2346,7065
2348,7055
2349,7066
2350,7065
2351,7066
2352,7066
2353,7066
2354,6947
2355,7065
2356,7061
2357,7066
2359,7066
2360,7065
2361,7066
2362,7060
2363,7066
2364,7061
2365,7045
2366,7058
2367,7066
2368,7066
2369,6978
2370,7066
2371,7030
2372,7064
2373,7066
2374,7066
2375,7049
2376,7059
2378,7060
2379,7066
2380,7066
2381,7025
2382,7066
2384,7049
2385,7065
2386,7052
2387,7050
2388,7066
2389,7066
2390,7066
2391,7066
2392,7065
2393,7065
2394,7065
2395,7065
2396,7065
2397,7037
2398,6935
2399,7066
2400,7063
2401,7066
2402,7065
2403,7066
2404,7066
2405,7066
2406,7066
2407,7066
2409,7050
2410,7058
2411,6963
2412,7066
2413,7066
2414,7065
2415,7062
2416,7018
2417,7062
2418,7066
2419,7066
2420,7066
2422,7064
2423,7063
2424,7065
2425,7057
2426,7048
2427,7060
2428,7065
2429,7064
2433,7039
2434,7066
2435,7058
2437,7066
2438,7066
2439,7066
2440,7057
2441,7066
2442,7066
2443,7066
2444,7065
2445,7066
2446,7066
2447,7066
2448,7066
2449,7066
2450,7066
2451,7066
2452,7051
2453,7066
2454,7066
2455,7066
2456,7065
2457,7066
2458,7066
2459,7066
2460,7066
2461,7066
2462,7065
2463,7065
2464,7065
2465,7065
2466,7065
2467,7063
2469,7066
2470,7028
2471,7066
2472,7066
2473,7045
2474,7016
2475,7065
2476,7065
2477,7066
2478,7062
2479,7063
2480,7062
2481,7066
2482,7066
2484,7053
2485,7008
2487,7066
2488,7065
2489,7065
2490,7036
2491,7066
2492,7066
2493,7065
2494,7065
2495,7065
2496,7065
2497,7064
2498,7066
2499,7042
2500,7063
2501,7039
2502,7056
2503,7065
2504,7044
2505,7066
2506,7044
2507,7060
2508,7042
2509,7062
2510,7065
2511,7062
2512,7066
2513,7066
2514,7066
2515,7066
2516,7025
2517,7036
2518,7066
2519,7066
2520,7066
2521,7066
2522,7066
2523,7066
2524,7063
2526,7066
2527,7066
2528,7066
2529,7066
2530,7065
2531,7064
2534,7065
2535,6959
2536,7065
2537,7065
2538,7065
2540,7065
2541,7055
2542,7041
2543,7066
2544,7058
2545,7066
2546,7060
2547,7020
2548,7066
2549,7057
2550,7049
2551,7066
2552,7053
2555,7065
2556,7066
2557,7065
2558,7066
2559,7036
2560,6969
2561,7066
2562,7065
2563,7065
2564,7065
2565,6775
2566,7039
2567,7064
2568,7063
2569,7066
2570,7058
2571,7053
2572,7066
2573,7066
2574,7066
2575,7053
2576,7011
2577,7066
2578,7066
2579,7065
2580,7052
2581,7066
2582,7066
2583,7066
2584,7066
2585,7049
2586,7066
2587,7065
2589,7045
2591,7052
2592,7061
2593,7048
2594,7056
2595,7050
2596,7066
2597,7060
2598,7064
2599,7066
2603,7066
2604,7063
2605,7059
2606,7066
2607,7055
2608,7066
2609,7065
2610,7066
2611,7066
2612,7059
2613,7057
2614,7065
2615,7066
2616,7066
2617,7062
2618,7041
2619,7053
2620,7052
2621,7066
2623,6998
2624,7066
2625,7019
2626,7066
2627,7065
2628,7066
2629,7053
2630,7066
2631,7066
2632,7065
2633,7066
2634,7065
2635,7066
2636,7066
2637,7066
2638,7053
2639,7065
2640,7065
2641,7065
2642,7065
2643,7035
2644,7066
2645,7061
2646,7042
2647,7054
2648,7066
2649,7066
2650,7055
2651,6966
2652,7049
2653,7019
2654,6943
2655,7046
2656,7065
2657,7055
2658,6977
2659,7059
2660,7033
2661,7066
2662,7050
2663,7066
2664,7066
2665,7059
2667,7029
2668,7066
2669,7058
2670,7056
2671,7066
2672,7062
2673,7066
2674,7035
2675,7066
2676,7062
2677,7061
2678,7065
2679,7065
2680,7066
2682,7066
2683,7061
2684,7066
2685,7065
2686,7022
2687,7040
2688,6915
2689,7062
2690,7064
2691,7058
2692,7065
2693,7045
2694,7064
2695,7065
2696,7060
2697,7060
2698,7056
2699,7054
2700,7000
2701,7059
2702,7024
2703,7047
2704,7029
2705,7065
2706,7061
2707,7061
2708,7041
2709,7065
2711,7055
2713,7025
2715,7066
2716,7066
2717,7066
2718,7066
2719,7065
2720,7044
2721,7054
2722,7066
2723,7066
2724,7033
2725,7066
2727,7064
2728,7064
2729,7066
2730,7065
2731,7065
2733,7064
2734,7065
2736,7053
2737,7066
2738,7066
2739,7066
2740,7066
2741,7066
2744,7062
2746,7060
2747,7036
2748,7066
2749,7066
2751,7054
2752,7064
2753,7065
2754,7030
2755,7065
2757,7064
2758,7065
2759,7066
2760,7061
2761,7066
2762,7062
2763,7045
2764,7065
2765,7066
2766,7066
2767,7066
2768,7051
2769,7066
2770,7055
2771,7065
2772,7066
2773,7066
2774,7053
2775,7029
2776,7066
2777,7042
2778,7059
2779,7066
2780,7066
2781,7051
2782,7066
2783,7066
2784,7066
2785,7040
2786,7066
2787,7060
2788,7066
2789,7066
2790,6967
2791,7066
2792,7065
2793,7066
2794,7063
2796,7061
2797,7047
2798,7065
2799,7028
2801,7042
2802,7060
2803,7066
2804,7050
2805,7064
2807,7065
2808,7065
2809,7061
2811,7049
2813,7066
2814,7065
2815,7061
2817,7066
2818,7057
2819,7060
2821,7066
2822,7050
2823,7065
2824,7065
2825,7048
2826,7066
2827,7066
2828,7066
2830,7063
2831,7065
2832,7043
2833,7066
2834,7063
2835,7066
2838,7043
2839,7066
2840,7063
2841,7065
2842,7028
2843,7062
2844,7056
2845,7065
2846,7066
2847,7066
2848,7066
2849,7066
2850,7066
2851,7065
2852,7066
2853,7065
2855,7061
2856,7062
2857,7066
2858,7065
2859,6987
2860,7066
2861,7066
2862,7066
2863,7066
2864,7066
2865,7066
2866,7063
2867,7064
2868,7065
2869,7065
2870,7065
2871,6934
2872,7031
2875,7066
2876,7066
2877,7016
2879,7066
2880,7043
2881,7066
2882,7066
2883,7056
2884,7066
2885,7061
2886,7066
2887,7066
2888,7066
2889,7063
2890,7066
2891,7066
2892,7066
2893,7066
2894,7066
2895,7066
2896,7065
2898,7066
2899,7066
2900,6982
2901,7062
2902,7043
2903,7063
2904,7064
2905,7064
2906,7064
2907,7062
2908,7065
2909,7054
2910,7061
2912,7057
2913,7063
2914,7050
2916,7066
2917,7048
2918,7022
2919,7066
2921,7066
2922,7065
2923,7019
2924,7065
2925,7065
2926,7047
2928,7052
2929,7066
2930,7066
2931,7066
2932,7051
2933,7061
2935,7060
2936,7063
2938,7066
2939,7064
2940,7030
2941,7061
2944,7066
2945,7066
2946,7050
2947,7066
2948,7063
2949,7066
2950,7064
2951,7051
2952,7066
2953,7066
2954,7066
2955,7066
2956,7065
2957,7066
2958,7063
2960,7066
2961,7066
2962,7066
2963,7066
2964,7053
2965,7066
2966,7061
2967,7047
2968,7046
2969,7066
2970,7066
2971,7065
2972,6960
2973,7065
2974,7045
2975,7066
2976,7066
2977,7057
2978,7064
2979,7052
2980,7066
2981,7057
2982,7066
2983,7056
2985,7066
2986,7066
2987,7064
2988,7065
2989,7066
2990,7061
2991,7051
2992,7066
2993,7036
2994,7065
2995,7060
2996,7041
2998,7066
2999,7064
3000,7052
3001,7063
3002,7065
3003,7066
3004,7066
3005,7063
3006,7064
3007,7048
3008,7065
3009,7049
3010,7056
3011,7066
3012,7066
3013,7066
3014,7035
3015,7052
3016,7066
3017,7066
3018,7033
3019,7066
3020,7053
3021,7062
3022,7066
3023,7063
3024,7061
3025,7066
3026,7027
3027,7055
3028,6970
3029,7064
3030,7048
3031,7058
3032,7037
3033,7058
3034,7054
3035,7066
3036,7063
3037,7064
3038,7066
3039,7066
3040,7065
3041,7066
3042,7066
3043,7066
3044,7064
3046,7066
3047,7064
3048,7065
3049,7060
3050,7037
3051,7066
3052,7066
3053,7065
3054,7066
3055,7055
3056,7022
3057,7053
3059,7065
3060,7066
3061,7066
3062,7054
3063,7065
3066,7066
3068,7048
3070,7065
3071,7066
3072,7065
3073,7065
3074,7066
3075,7066
3076,7066
3077,7066
3078,7066
3080,7057
3081,7058
3082,7059
3083,7066
3084,7028
3085,7066
3086,7065
3087,7065
3088,7053
3089,7012
3090,7064
3091,7066
3092,7030
3093,7066
3094,7066
3095,7054
3096,7066
3097,7065
3098,7054
3099,7045
3101,7066
3102,7065
3103,7063
3104,7044
3105,7066
3106,7056
3107,7066
3108,7066
3109,7057
3110,7063
3111,7066
3112,7066
3113,7066
3114,7065
3115,7061
3117,6989
3118,7065
3119,7066
3120,7062
3123,7066
3124,7066
3125,7065
3126,7044
3127,7063
3128,7066
3129,7066
3130,7063
3131,7066
3132,7065
3133,7066
3134,7066
3135,7065
3136,7064
3137,7066
3138,7064
3140,7047
3142,7058
3143,7065
3144,7042
3145,7048
3146,7066
3147,7066
3148,7054
3149,7066
3150,7057
3151,7066
3152,7066
3153,7066
3154,7066
3155,7055
3156,7066
3158,7066
3159,7065
3160,7065
3162,7066
3163,7066
3164,7044
3165,7066
3166,7066
3167,7066
3168,7054
3169,7065
3171,7058
3172,7066
3173,7048
3174,7066
3175,7058
3176,7065
3180,7044
3181,7066
3182,7066
3183,7066
3184,7066
3185,7066
3186,7066
3187,7066
3188,7053
3189,7065
3190,7059
3191,7035
3192,7008
3193,7055
3196,7063
3197,7066
3198,7066
3199,7066
3200,7040
3201,7062
3202,7064
3203,7066
3204,7066
3205,7065
3206,7065
3207,7065
3208,7066
3209,7057
3210,7066
3211,7066
3212,7065
3213,7065
3214,7065
3215,7065
3216,7065
3217,7064
3218,7065
3219,7065
3220,7065
3221,7065
3222,7065
3223,7065
3224,7065
3225,7066
3226,7066
3227,7066
3228,7066
3229,7066
3230,7066
3231,7066
3232,7066
3233,7066
3234,7065
3235,7049
3237,7064
3238,7060
3239,7065
3240,7066
3241,7066
3242,7064
3243,7038
3246,7066
3247,7065
3248,7066
3249,7066
3250,7065
3251,7066
3252,7061
3253,7063
3255,7059
3256,7060
3257,7066
3258,7014
3259,7065
3260,7051
3261,7066
3262,7065
3263,7065
3264,7065
3265,7063
3266,7062
3267,7066
3268,7065
3269,7065
3270,7066
3271,7056
3272,7066
3273,7066
3274,7053
3275,7062
3276,6962
3277,7066
3278,7065
3279,7065
3280,7064
3281,7065
3282,7063
3284,7053
3285,7056
3288,7066
3290,7059
3291,7042
3292,7066
3293,7063
3294,7065
3296,7066
3297,7042
3298,7066
3299,7066
3300,7066
3301,7055
3302,7066
3303,7066
3304,7066
3305,7063
3306,7061
3307,7055
3309,7055
3310,7063
3311,7066
3312,7066
3313,7052
3314,7066
3315,7066
3316,7066
3317,7066
3318,7065
3319,7051
3320,7027
3321,7064
3322,7066
3323,7064
3324,7043
3325,7066
3326,7060
3331,7066
3332,7066
3333,7065
3334,6978
3335,7065
3338,7056
3339,7066
3340,7065
3341,7066
3342,7066
3343,7063
3344,7066
3345,7066
3346,7033
3348,7041
3349,7066
3350,7066
3351,7066
3352,6920
3353,7066
3354,7066
3355,7066
3356,7066
3357,7065
3358,7066
3359,7066
3360,7065
3361,7064
3362,7065
3363,7065
3366,7032
3367,7066
3368,7065
3369,7065
3370,7065
3371,7052
3373,7066
3374,7065
3375,7058
3376,7034
3377,7066
3378,7062
3379,7066
3380,7057
3381,7061
3382,7066
3383,7066
3384,7066
3385,7066
3386,7065
3388,7062
3389,7066
3390,7052
3391,7066
3392,7059
3393,7053
3394,6999
3395,7066
3396,7066
3397,7065
3398,7066
3399,7066
3400,7066
3401,7066
3402,7031
3403,7063
3404,7049
3405,7066
3406,7066
3407,7065
3408,7064
3409,7057
3410,7051
3411,7065
3412,7065
3416,7066
3417,7064
3418,7066
3422,7065
3423,7064
3424,7064
3425,7064
3426,7064
3427,7065
3429,7059
3433,7065
3434,7065
3435,7057
3436,7066
3437,7066
3438,7066
3439,7026
3440,7065
3441,7064
3443,7037
3444,7064
3445,7058
3446,7049
3447,6986
3448,7066
3449,7047
3450,7066
3451,7016
3452,7018
3453,6957
3454,7040
3455,7033
3456,7059
3457,6988
3458,7052
3459,6957
3460,7040
3461,6997
3462,7048
3463,7049
3464,7066
3465,7062
3466,7061
3467,7066
3468,7066
3469,7064
3470,7066
3471,7066
3472,7060
3473,7064
3475,7066
3477,7058
3478,7066
3479,7024
3480,7056
3481,7060
3482,7052
3483,7038
3486,7054
3487,7066
3488,7064
3489,7066
3490,7066
3491,7064
3492,7063
3493,7065
3494,7065
3495,7063
3496,7063
3497,7065
3498,7043
3499,7064
3500,7065
3504,7066
3506,7047
3508,7062
3509,7065
3510,7066
3511,7066
3512,7065
3513,7065
3514,7066
3515,7063
3516,7028
3518,7065
3519,7066
3520,7046
3521,7060
3522,7046
3523,7053
3524,7066
3525,7063
3526,7066
3527,7049
3528,7060
3529,7065
3530,7065
3531,7066
3532,7063
3535,7066
3536,7064
3537,7047
3538,7049
3539,7066
3540,7064
3541,7030
3542,7065
3543,7065
3544,7062
3545,7066
3547,7053
3548,7037
3549,7055
3550,7066
3551,7066
3552,7066
3553,7063
3554,7048
3555,7050
3556,7057
3557,7020
3558,7066
3560,7062
3561,7064
3562,7036
3563,7066
3564,7066
3565,7066
3566,7066
3567,7054
3568,7039
3569,7025
3571,7060
3576,7050
3577,7066
3578,7065
3579,7064
3580,7044
3581,7066
3582,7066
3583,7065
3584,7066
3585,7066
3586,7042
3587,7038
3589,7066
3590,7065
3591,7064
3592,7066
3593,7064
3594,7066
3595,7066
3596,7066
3597,7064
3598,7064
3599,7065
3600,7060
3601,7055
3602,7066
3603,7064
3604,7065
3605,7066
3606,7066
3607,7060
3609,7051
3610,7066
3611,7063
3613,7066
3614,7039
3615,7029
3616,7056
3617,7065
3618,7066
3619,7066
3620,7066
3621,7066
3622,7066
3623,7062
3624,7050
3625,7066
3628,7065
3629,7046
3630,7064
3631,7019
3632,7066
3633,7044
3634,7036
3635,7030
3636,7066
3637,7066
3638,7066
3639,7065
3640,7066
3641,7037
3642,6969
3643,7035
3645,7056
3646,7037
3647,7066
3648,7060
3649,7065
3650,7062
3651,7066
3652,7066
3653,7066
3654,7066
3655,7064
3656,7066
3657,7066
3658,7065
3659,7060
3660,7039
3661,7056
3662,7059
3663,7066
3664,7065
3665,7058
3666,7033
3667,7065
3668,7065
3669,7062
3670,7056
3671,7060
3673,7066
3674,7066
3675,7066
3676,7066
3677,7066
3678,7062
3679,7066
3680,7062
3681,7034
3682,7011
3683,7066
3684,7066
3685,7066
3686,7066
3687,7066
3688,7065
3689,7065
3690,7066
3691,7038
3692,7062
3693,7065
3694,7065
3695,7065
3696,7065
3697,7065
3698,7065
3700,7064
3701,7065
3702,7066
3703,7066
3704,7066
3705,7065
3706,7066
3707,7066
3708,7065
3709,7066
3711,7066
3712,7066
3713,7060
3714,7066
3715,7066
3717,7041
3718,7066
3719,7066
3720,7040
3722,7064
3723,7066
3724,7028
3725,7065
3726,7066
3727,7066
3728,7046
3729,7066
3730,7066
3731,7063
3733,7065
3735,7064
3737,7059
3742,7064
3743,7064
3744,7065
3745,7054
3746,7066
3747,7065
3748,7060
3749,7065
3750,7066
3751,7065
3752,7066
3753,7066
3754,7066
3755,6966
3757,7066
3758,7066
3759,7066
3760,7066
3761,7066
3762,7066
3763,7064
3764,7062
3765,7066
3766,7062
3767,7053
3769,7030
3770,7047
3771,7065
3772,7042
3774,7066
3775,7064
3776,7051
3777,7061
3779,7065
3780,7066
3781,7066
3782,7065
3783,7066
3784,7065
3785,7045
3786,7036
3787,7047
3788,7066
3791,7065
3792,7056
3794,7062
3795,7065
3796,7057
3797,7064
3798,7061
3799,7066
3800,7066
3801,7066
3802,7063
3803,7040
3804,7040
3805,7066
3806,7048
3807,7062
3808,7056
3809,7050
3810,7065
3811,7054
3812,7030
3813,7027
3814,7043
3815,7060
3816,7050
3817,7066
3819,7065
3821,7066
3822,7051
3823,7065
3824,7066
3825,7064
3827,7066
3829,7066
3830,7057
3832,7064
3833,7064
3834,7066
3835,7019
3836,7066
3837,7066
3839,7066
3840,7066
3841,7065
3842,7063
3843,7038
3844,7066
3845,7065
3847,7065
3848,7066
3849,7054
3850,7066
3851,7066
3854,7061
3855,7066
3856,7053
3858,7066
3862,7066
3863,7066
3864,7066
3865,7066
3867,7057
3869,7066
3870,7066
3871,7044
3872,7061
3873,7061
3875,7059
3876,7066
3877,7061
3878,7065
3880,7063
3881,7065
3882,7065
3883,7066
3885,7058
3886,7066
3887,7048
3888,7061
3889,7065
3890,7066
3891,7066
3892,7066
3893,7057
3894,7066
3895,7066
3896,7066
3897,7039
3898,7049
3900,7066
3901,7066
3902,7039
3903,7066
3904,7066
3905,7066
3906,7066
3907,7066
3908,7064
3909,7066
3910,7045
3911,7061
3912,7054
3914,7053
3916,7047
3917,7060
3918,7066
3919,7047
3920,7066
3921,7059
3922,7043
3923,7066
3924,7063
3925,7065
3926,7048
3927,7066
3928,7066
3929,7066
3930,7066
3931,7066
3932,7066
3933,7051
3935,7066
3936,7066
3937,7055
3939,7060
3941,7065
3942,7054
3943,7066
3944,7066
3945,7066
3946,7027
3947,7065
3948,7050
3949,7057
3952,7066
3953,7066
3954,7066
3955,7065
3956,7028
3957,7065
3958,7049
3959,7065
3960,7054
3961,7066
3962,7062
3963,7066
3964,7065
3965,7055
3966,7066
3967,7043
3968,7066
3969,7031
3970,7064
3971,7053
3973,7037
3974,7060
3976,6877
3977,7065
3978,7066
3979,7066
3980,7054
3981,7066
3982,7063
3983,7066
3984,7066
3985,7059
3986,7066
3987,7065
3989,7064
3990,7065
3991,7063
3992,7066
3995,7059
3997,7066
3998,7066
3999,7061
4000,7066
4001,7065
4005,7066
4006,7066
4007,7060
4008,7065
4009,7059
4010,7066
4011,7046
4012,7057
4013,7041
4014,7063
4015,7066
4016,7065
4019,7066
4020,7066
4021,7042
4023,7065
4024,7037
4025,7066
4026,7065
4027,7062
4028,7065
4030,7056
4031,7050
4034,7065
4035,7066
4036,7054
4037,6885
4038,7066
4039,7066
4040,7032
4041,7046
4042,7066
4043,7064
4044,7019
4045,7049
4046,7016
4047,7057
4048,7065
4049,7056
4050,7066
4051,7042
4053,7066
4055,7064
4056,7063
4057,7066
4058,7059
4059,7065
4061,7066
4062,7066
4063,7065
4064,7066
4065,7039
4066,7066
4067,7066
4068,7062
4069,7066
4070,7009
4071,7056
4072,7057
4073,7036
4074,7066
4075,7066
4076,7026
4077,7051
4078,7057
4079,7063
4080,7066
4082,7066
4083,7065
4085,7065
4086,7064
4088,7050
4089,7066
4090,7066
4091,7066
4092,7066
4093,7066
4095,7065
4096,7066
4097,7066
4098,7034
4099,6982
4100,7065
4103,7043
4104,7065
4105,7066
4106,7066
4107,7066
4108,7065
4109,7065
4110,7009
4111,7050
4116,7061
4117,7058
4119,7065
4120,7066
4121,7065
4122,7066
4123,7064
4124,7038
4125,7066
4126,7066
4127,7047
4128,7066
4129,7065
4130,7066
4131,7066
4132,7066
4133,7066
4134,7045
4135,7066
4136,7066
4137,7065
4138,7031
4139,7066
4140,7064
4141,7066
4142,7059
4143,7066
4144,7026
4145,7066
4146,7066
4147,7066
4148,7064
4149,7066
4150,7063
4151,7059
4152,7057
4153,7066
4154,7066
4155,7061
4159,7066
4162,7065
4163,7066
4164,7066
4165,7066
4166,7066
4169,7061
4170,7065
4171,7060
4173,7040
4174,7066
4175,7058
4176,7066
4177,7066
4178,7064
4179,7064
4180,7066
4181,7047
4183,7056
4184,7066
4185,7066
4186,7066
4187,7065
4188,7062
4189,7038
4190,7066
4191,6944
4192,7066
4194,7065
4195,7065
4197,7061
4198,7066
4199,7043
4200,7065
4201,7036
4202,7066
4203,7066
4204,7066
4205,7063
4206,7066
4207,7065
4208,7065
4209,7065
4210,7065
4211,7030
4212,7035
4213,7065
4214,7065
4215,7064
4216,7053
4217,7065
4218,7044
4219,7032
4220,7059
4221,7065
4222,7053
4223,7063
4224,7054
4225,7065
4228,7066
4229,7066
4231,7051
4232,7065
4233,7050
4234,7051
4235,7060
4236,7065
4237,7065
4238,7066
4240,7066
4241,7066
4242,7066
4243,7065
4244,7065
4245,7065
4246,7065
4247,7031
4248,7066
4249,7066
4250,7066
4251,7066
4252,7066
4254,7056
4255,7066
4256,7062
4257,7066
4259,7066
4260,7066
4261,7064
4263,7066
4264,7066
4265,7063
4266,7054
4267,7066
4269,7058
4272,7061
4273,7062
4274,7066
4275,7065
4276,7042
4277,7065
4278,7065
4279,7065
4280,7065
4282,7065
4283,7066
4284,7066
4285,7066
4289,7060
4290,7053
4291,7065
4292,7066
4295,7065
4296,7066
4297,7042
4298,7031
4299,7063
4303,7063
4304,7066
4305,7066
4306,7066
4307,7065
4308,7061
4310,6996
4311,7060
4312,7066
4313,7062
4314,7065
4315,7053
4316,7066
4317,7066
4318,7065
4319,7066
4320,7066
4321,7066
4322,7066
4323,7040
4324,7066
4325,7065
4326,7063
4327,7066
4328,7066
4329,7063
4331,7050
4332,7060
4333,7065
4334,7066
4335,6970
4336,7066
4337,7066
4338,7031
4340,7066
4341,7066
4342,7064
4343,7063
4344,7065
4345,7064
4346,7065
4347,7044
4348,7065
4349,7040
4351,7052
4352,7066
4353,7052
4354,7064
4355,7047
4357,7066
4358,7066
4359,7060
4360,7066
4361,7039
4362,7066
4363,7056
4364,7041
4365,7052
4366,7066
4368,7066
4369,7066
4370,7066
4371,7064
4372,7065
4373,7040
4375,7066
4377,7066
4378,7066
4379,7066
4380,7066
4381,7066
4382,7066
4383,7065
4384,7049
4385,7044
4386,7052
4389,7065
4393,7066
4394,7066
4395,7064
4396,7066
4397,7066
4398,7065
4399,7065
4400,7062
4401,7050
4402,7035
4403,7057
4404,7065
4405,7066
4406,7066
4407,7066
4408,7064
4409,7065
4411,7058
4412,7049
4413,7066
4414,7066
4415,7064
4416,7060
4417,7062
4418,7065
4422,7056
4423,7065
4424,7052
4425,7065
4426,7066
4427,7066
4428,7066
4429,7063
4430,7064
4431,7066
4432,7065
4433,7059
4434,7066
4435,7065
4436,7066
4437,7028
4438,7064
4439,7066
4440,7065
4441,7028
4442,7063
4443,7063
4444,7066
4445,7066
4446,7066
4447,7064
4448,7059
4449,7066
4450,7066
4451,7063
4452,7065
4453,7039
4454,7066
4455,7060
4456,7065
4457,7066
4458,7066
4459,7066
4460,7065
4461,7065
4462,7066
4463,7059
4464,7066
4465,7064
4466,7045
4467,7066
4468,7032
4469,7066
4470,7066
4471,7060
4473,7066
4474,7066
4475,7066
4476,7051
4477,7065
4478,7065
4479,7065
4480,7035
4481,7064
4482,7065
4483,7045
4485,7062
4486,7055
4487,7040
4488,7049
4489,7062
4490,7066
4491,7066
4492,7066
4493,7065
4494,7065
4495,7065
4496,7065
4497,7065
4498,7065
4500,7033
4502,7066
4503,7066
4504,7065
4507,7028
4508,7066
4509,7066
4510,7049
4511,7060
4516,7065
4521,7065
4523,7066
4524,7064
4526,7063
4527,7058
4528,7060
4529,7034
4530,7047
4531,7054
4532,7064
4533,7064
4534,7063
4535,7066
4536,6978
4538,7066
4539,7065
4542,7059
4543,7065
4544,7064
4545,7066
4547,7062
4550,7044
4551,7060
4552,7055
4553,7065
4554,7066
4555,7065
4556,7065
4557,7044
4558,7053
4560,7065
4561,7063
4562,7052
4563,7066
4564,7062
4565,7066
4566,7065
4567,7066
4568,7065
4569,7066
4574,7060
4575,7066
4576,7064
4577,7066
4578,7062
4580,7065
4581,7066
4582,7065
4583,7056
4584,7056
4586,7061
4587,7063
4588,7031
4591,7066
4592,7063
4593,7065
4594,7066
4595,7065
4596,7066
4597,7066
4598,7025
4599,7066
4600,7065
4601,7066
4602,7064
4603,7066
4604,7062
4605,7055
4607,7066
4608,7065
4609,7064
4611,7066
4612,7066
4613,7063
4615,7066
4616,7065
4617,7066
4618,7065
4619,7066
4620,7055
4621,7058
4622,7066
4623,7066
4624,7065
4625,7057
4626,7066
4627,7066
4629,7065
4630,7064
4631,7039
4632,7025
4633,7065
4635,7066
4636,7065
4638,7066
4639,7061
4640,7065
4641,7065
4644,7066
4645,7051
4646,7044
4647,7064
4648,7054
4649,7066
4650,7059
4651,7065
4652,7062
4653,7023
4654,7053
4655,7065
4658,7064
4659,7066
4660,7066
4661,7054
4662,7062
4663,7062
4664,7065
4665,7065
4666,7020
4667,7066
4668,7066
4669,7059
4670,7066
4671,7065
4672,7065
4673,7038
4674,7064
4675,7066
4677,7054
4678,7053
4681,7056
4682,7066
4683,7065
4684,7063
4686,7043
4687,7030
4688,7066
4689,7066
4692,7066
4693,7066
4694,7066
4695,7066
4696,7066
4697,7066
4698,7066
4699,7066
4700,7066
4701,7066
4702,7066
4703,7066
4704,7066
4705,7066
4706,7066
4707,7066
4708,7066
4709,7065
4710,7065
4711,7066
4712,7007
4713,7054
4714,7066
4715,7063
4716,7066
4717,7053
4718,7049
4719,7066
4720,7066
4721,7064
4723,7066
4725,7063
4726,7063
4727,7066
4728,7066
4733,7066
4735,7001
4736,7066
4737,7065
4738,7066
4739,7066
4740,7066
4741,7066
4742,7065
4743,7065
4744,7064
4745,7064
4746,7055
4748,7047
4749,7065
4750,7066
4751,7066
4752,7066
4753,7066
4754,7065
4755,7066
4756,7064
4757,7066
4759,7065
4760,7064
4761,7066
4762,7066
4763,7066
4764,7065
4765,7064
4766,7066
4767,7062
4771,7065
4773,7066
4774,7065
4776,7053
4777,7028
4778,7051
4779,7059
4780,7035
4781,7065
4782,7066
4783,7061
4785,7066
4786,7048
4787,7066
4788,7061
4789,7066
4790,7066
4791,7032
4792,7047
4793,7066
4794,7066
4795,7033
4796,7064
4797,7036
4798,7062
4799,7065
4800,7066
4801,7066
4803,7066
4804,7066
4805,7066
4806,7066
4807,7066
4808,7062
4809,7061
4810,7066
4811,7039
4813,7065
4814,7061
4815,7056
4816,7066
4817,7066
4818,7053
4819,7066
4820,7048
4821,7065
4822,7057
4823,7066
4824,7053
4825,7066
4826,7066
4827,7066
4828,6974
4829,7044
4830,7065
4831,7051
4832,7063
4833,7065
4834,7066
4835,7066
4836,7066
4837,7066
4838,7066
4839,7066
4840,7065
4841,7066
4842,7066
4843,7053
4844,7066
4845,7066
4846,7048
4847,7066
4848,7066
4849,7066
4850,7066
4851,7065
4852,7066
4853,7064
4854,7066
4855,7066
4856,7065
4857,7065
4858,7065
4859,7065
4860,7064
4861,7065
4862,7063
4863,7065
4864,7066
4866,7062
4867,7066
4868,7066
4869,7066
4870,7065
4871,7066
4872,7066
4873,7065
4874,7063
4875,6972
4876,7066
4879,7043
4880,7065
4881,7065
4882,7066
4883,7065
4884,7059
4885,7065
4886,7065
4887,7063
4889,7065
4890,7065
4891,7062
4893,7066
4894,7020
4896,7065
4897,7065
4898,7060
4899,7056
4900,7066
4901,7066
4903,7065
4904,7065
4905,7066
4906,7065
4908,7066
4909,7066
4910,7066
4911,7066
4912,7065
4913,7066
4914,7065
4915,7065
4916,7066
4917,7066
4918,7066
4919,7066
4920,7065
4921,7066
4922,7065
4923,7062
4924,7063
4925,7064
4926,7063
4927,7066
4929,7055
4931,7066
4932,7066
4933,7066
4934,7059
4935,7066
4936,7066
4937,7063
4938,7066
4940,7062
4942,7061
4943,7065
4944,7065
4945,7065
4946,7063
4947,7064
4948,7044
4950,7066
4951,7066
4952,7066
4953,7052
4954,7060
4957,7066
4960,7066
4962,7066
4963,7064
4964,7032
4965,7066
4966,7058
4967,7008
4969,7066
4970,7064
4971,7066
4972,7065
4973,7065
4974,7063
4975,7066
4976,7063
4977,7043
4978,7066
4979,7066
4980,7061
4981,7060
4982,7049
4983,7041
4985,7066
4986,7066
4987,7055
4988,7064
4989,7063
4991,7062
4992,7056
4993,7051
4994,7063
4995,7065
4996,7065
4999,7066
5000,7066
5001,7066
5002,7035
5003,7066
5005,7065
5006,7054
5008,7062
5009,7066
5010,7065
5011,7065
5012,7039
5013,7065
5015,7060
5016,7064
5017,7061
5018,7066
5019,7066
5020,6892
5022,7022
5024,7066
5026,7065
5028,7058
5029,7061
5031,7066
5032,7065
5033,7058
5035,7066
5036,7065
5037,7065
5038,7066
5039,7066
5040,7065
5043,7061
5044,7056
5045,7059
5046,7066
5047,7066
5048,7065
5050,7062
5051,7066
5052,7066
5053,7065
5054,7066
5055,7065
5057,7065
5058,7053
5059,7055
5060,7066
5061,7057
5062,7066
5063,7066
5064,7055
5065,7065
5067,7066
5068,7065
5069,7064
5070,7065
5071,7066
5072,7062
5073,7066
5075,7060
5077,7066
5078,7066
5079,6994
5080,7065
5081,7064
5083,7042
5084,7066
5085,7063
5086,7066
5087,7066
5088,7066
5089,7066
5090,7066
5091,7066
5092,7066
5093,7066
5095,7065
5096,7066
5097,7066
5098,7066
5099,7061
5100,7060
5102,7060
5103,7054
5104,7066
5105,7066
5106,7056
5109,7066
5110,7065
5111,7062
5112,7065
5114,7064
5115,7053
5116,7066
5117,7065
5118,7062
5119,7066
5120,7062
5121,7066
5122,7066
5123,7036
5124,7066
5125,7028
5126,7066
5127,7065
5128,7065
5129,7065
5130,7062
5132,7060
5133,7062
5135,7065
5136,7066
5138,7066
5139,7063
5140,7065
5141,7055
5142,7066
5143,7058
5144,7064
5145,7065
5146,7061
5148,7042
5150,7066
5151,7066
5152,7066
5153,7066
5154,7065
5155,7056
5158,7066
5159,7066
5160,7062
5161,7066
5162,7050
5163,7066
5164,7066
5166,7058
5167,7065
5171,7065
5172,7053
5173,7058
5174,7066
5175,7051
5176,6987
5177,7052
5178,7062
5179,6990
5180,7064
5181,7054
5182,7066
5183,7066
5184,7062
5185,7031
5186,7066
5187,7063
5188,7060
5189,6968
5190,7042
5191,7061
5192,7066
5193,7063
5194,7065
5195,7065
5196,7063
5197,7066
5198,7065
5199,7062
5200,7054
5201,7063
5202,7066
5203,7063
5204,7063
5207,7062
5208,7052
5209,7065
5210,6976
5213,7066
5214,7066
5215,7044
5216,7065
5217,7062
5218,7066
5219,7066
5220,7066
5221,7066
5222,7065
5224,7066
5225,7066
5226,7062
5227,7065
5228,7065
5229,7065
5230,7065
5231,7056
5232,7065
5233,6974
5238,7065
5239,7064
5240,7063
5241,7066
5242,7066
5243,7058
5244,7066
5245,7044
5246,7035
5247,7066
5248,7066
5249,7066
5250,7057
5251,7066
5252,7065
5253,7061
5254,6996
5255,7050
5260,7061
5261,7066
5262,7041
5263,7033
5264,7061
5265,7066
5267,7063
5269,7066
5271,7060
5273,7066
5274,7063
5275,7066
5276,7064
5277,7066
5278,7066
5280,7066
5281,7066
5282,7066
5283,7066
5284,7066
5285,7041
5286,7062
5287,7065
5288,7037
5289,7065
5290,7066
5291,7066
5294,7066
5295,7060
5296,7057
5298,7054
5299,7066
5300,7066
5301,7037
5303,7062
5305,7047
5306,7060
5308,7052
5309,7062
5310,7064
5311,7057
5312,7059
5313,7065
5314,7066
5315,7066
5316,7064
5317,7057
5320,7060
5321,7012
5322,7066
5323,7043
5324,7062
5326,7053
5327,7049
5328,7066
5329,7064
5330,7065
5332,7066
5333,7065
5334,7062
5335,7045
5336,7065
5337,7066
5339,7059
5341,7037
5342,7058
5343,7065
5344,7065
5345,7065
5346,7065
5347,7065
5348,7065
5350,7063
5351,7060
5352,7065
5353,7066
5354,7060
5355,7065
5356,7066
5357,7066
5358,7066
5360,7060
5361,7063
5362,7065
5363,7063
5364,7061
5365,7066
5366,7066
5367,7066
5368,7063
5370,7066
5371,7066
5372,7066
5373,7066
5374,7066
5375,7053
5376,7066
5377,7066
5378,7061
5380,7066
5381,7065
5382,7066
5384,7054
5385,7066
5386,7066
5387,7051
5388,7063
5390,7066
5391,7041
5392,7048
5393,7048
5395,7066
5396,7063
5397,7066
5398,7066
5399,7066
5400,7066
5401,7066
5404,7008
5405,7065
5406,7054
5410,7066
5412,7028
5415,7034
5416,7066
5417,7058
5418,7066
5419,7065
5421,7050
5422,7066
5423,7030
5424,7064
5426,7058
5427,7063
5428,7066
5429,7066
5430,7064
5431,7066
5432,7065
5434,7061
5435,7065
5436,7066
5437,7064
5438,7066
5439,7037
5440,7065
5442,7063
5445,7040
5446,7061
5447,7065
5448,7065
5449,7044
5452,7052
5454,7052
5455,7065
5456,7065
5457,7016
5459,7066
5460,7066
5461,7066
5462,7054
5463,7062
5465,7053
5466,7063
5467,7051
5468,7063
5469,7063
5470,7060
5471,7064
5472,7065
5473,7066
5474,7064
5475,7065
5476,7066
5477,7066
5478,7066
5479,7049
5480,7064
5481,7061
5482,7050
5483,7066
5484,6993
5485,7057
5486,7066
5487,7048
5488,7066
5489,7064
5490,7066
5491,7066
5494,7066
5495,7066
5496,7065
5497,7065
5499,7055
5500,7056
5501,7064
5503,7063
5504,7066
5505,7066
5506,7063
5507,7066
5508,7066
5509,7064
5510,7066
5511,7037
5512,7065
5513,7051
5514,7055
5515,7065
5516,7066
5517,7066
5518,7066
5519,7066
5520,7066
5521,7066
5522,7066
5523,7066
5524,7029
5525,7066
5526,7066
5527,7050
5528,7063
5529,7033
5530,7065
5531,7036
5532,7056
5533,7063
5534,7063
5535,7066
5536,7065
5537,7066
5539,7040
5540,7066
5541,7065
5542,7066
5543,7032
5544,7065
5545,7049
5548,7066
5549,7061
5550,7066
5551,7066
5552,7066
5553,7056
5554,7065
5555,7065
5558,7065
5559,7048
5561,7066
5562,7056
5563,7049
5564,7056
5565,7066
5566,7066
5567,7066
5568,7053
5569,7060
5570,7062
5571,7066
5572,7066
5573,7065
5576,7066
5577,7058
5578,7066
5579,7066
5580,7065
5581,7066
5582,7051
5583,7066
5584,7066
5587,7065
5588,7061
5589,7065
5590,7065
5591,7060
5592,7050
5594,7066
5595,7066
5596,7047
5598,7066
5599,7066
5600,7063
5601,7064
5602,7065
5603,7064
5604,7064
5605,7065
5606,7061
5607,7066
5608,7064
5609,7066
5610,7066
5611,7066
5612,7036
5613,7065
5614,7062
5615,7063
5616,7062
5617,7050
5620,7032
5622,7064
5623,7050
5624,7058
5625,7066
5626,7064
5627,7064
5628,7065
5629,7065
5630,7045
5631,7064
5633,7066
5635,7058
5636,7065
5637,7066
5638,7033
5639,7053
5640,7043
5643,7056
5644,7057
5645,7066
5646,7065
5647,7061
5648,7066
5649,7064
5650,7062
5651,7062
5652,7065
5653,7065
5655,6962
5656,7063
5657,7066
5658,7066
5659,7066
5660,7066
5661,7064
5662,7065
5663,7059
5664,7062
5665,7065
5666,7065
5667,7065
5668,7063
5669,7065
5670,7064
5671,7057
5673,7062
5674,7066
5675,7066
5676,7065
5680,7063
5682,7065
5683,7032
5684,7064
5685,7065
5686,7064
5687,7065
5688,7065
5689,7066
5690,7066
5691,7066
5692,7063
5693,7065
5694,7062
5695,7066
5696,7065
5697,7010
5698,7065
5702,7066
5703,7066
5704,7064
5705,7044
5706,7060
5707,7066
5708,7066
5709,7050
5710,7066
5711,7066
5712,7066
5713,7058
5714,7063
5717,7066
5718,7066
5720,7066
5721,7046
5722,7065
5726,7065
5729,7066
5730,7066
5731,7066
5732,7066
5733,7066
5735,7065
5737,7063
5738,7028
5739,7058
5740,7063
5741,7062
5743,7063
5744,7065
5745,7045
5746,7066
5747,7066
5748,7066
5749,7066
5750,7063
5751,7066
5752,7066
5753,7066
5754,7064
5755,7066
5756,7051
5757,7052
5760,7048
5761,7065
5763,7066
5764,7066
5765,7066
5768,7064
5769,7066
5770,7065
5771,7059
5772,7046
5773,7028
5774,7066
5775,7063
5776,7061
5778,7062
5780,7062
5781,7066
5782,7065
5783,7058
5784,7056
5785,7066
5786,7066
5787,7063
5788,7065
5789,7066
5790,7058
5792,7063
5793,7064
5794,7066
5796,7035
5797,7066
5798,7058
5799,7055
5800,6995
5801,7056
5802,6906
5803,7066
5804,7055
5805,7060
5806,7025
5807,7045
5808,7066
5809,7057
5810,7063
5811,7021
5812,7063
5813,7066
5814,7000
5815,7065
5816,7032
5817,6961
5818,7038
5819,7053
5820,7065
5821,7062
5822,7049
5823,7066
5824,7042
5827,7065
5828,7058
5829,7056
5830,7059
5832,7061
5833,7066
5834,7066
5835,7066
5836,7063
5837,7064
5838,7062
5839,7056
5840,7066
5841,7066
5842,7065
5844,7066
5846,7065
5848,7065
5850,7057
5852,7066
5853,7066
5854,7066
5855,7066
5856,7066
5857,7033
5859,7057
5860,7057
5861,7066
5862,7065
5863,7050
5864,7066
5866,7066
5868,7066
5871,7063
5872,7050
5873,7065
5874,7066
5875,7066
5876,7066
5877,7066
5878,7066
5880,7063
5882,7063
5883,7066
5884,7066
5885,7065
5886,7059
5887,7047
5888,7066
5889,7066
5890,7065
5891,7062
5892,7064
5895,7065
5896,7059
5897,7065
5899,7066
5902,7047
5903,7066
5907,7066
5908,7050
5909,7066
5910,7065
5911,7064
5913,7066
5914,7066
5915,7053
5916,7061
5917,7065
5919,7065
5920,7065
5921,7064
5922,7059
5923,7065
5924,7066
5925,7066
5926,7060
5927,7064
5928,7062
5930,7064
5931,7061
5932,7063
5933,7065
5934,7056
5935,7061
5936,7034
5937,7066
5938,7066
5939,7065
5940,7065
5941,7066
5942,7062
5943,7065
5944,7066
5945,7062
5946,7065
5947,7066
5949,7066
5950,7037
5952,7066
5955,7063
5956,7064
5958,7066
5959,7066
5960,7065
5961,7064
5962,7064
5963,7032
5964,7065
5965,7066
5966,7063
5967,7066
5969,7027
5972,7046
5973,7049
5977,7056
5978,7066
5980,7033
5981,7066
5982,7065
5983,7066
5984,7059
5985,7066
5986,7066
5987,7066
5988,7066
5989,7066
5990,7066
5991,7049
5992,7066
5993,7065
5994,7050
5995,7065
5997,7065
5998,7059
5999,7061
6000,7050
6001,7062
6003,7066
6004,7037
6005,7065
6006,7040
6007,7063
6009,7056
6010,7063
6013,7066
6014,7066
6015,7066
6016,7066
6017,7066
6018,7066
6019,7066
6020,7064
6021,7056
6022,7066
6023,7038
6024,7054
6026,7064
6027,7059
6028,7066
6029,7065
6030,7066
6031,7066
6032,7051
6033,7066
6034,7066
6035,7066
6036,7065
6037,7065
6038,7066
6039,7066
6041,7059
6042,7066
6043,7065
6044,7062
6045,7062
6046,7066
6047,7060
6048,7066
6049,7063
6050,7066
6051,7066
6052,7066
6053,7066
6054,7063
6055,7063
6056,7066
6057,7066
6058,7066
6059,7058
6060,7066
6061,7066
6062,7066
6063,7066
6064,7066
6066,7066
6067,7066
6068,7063
6069,7064
6070,7065
6071,7064
6072,7055
6073,7066
6074,7066
6075,7064
6077,7066
6078,7057
6079,7065
6080,7057
6081,7066
6082,7052
6083,7058
6088,7063
6091,7066
6092,7066
6093,7066
6094,7040
6096,7061
6097,7061
6098,7065
6105,7051
6106,7062
6107,7062
6108,7066
6109,7061
6110,7060
6111,7057
6112,7066
6113,7066
6114,7066
6116,7065
6118,7066
6119,7066
6120,7066
6121,7066
6123,7060
6124,7066
6126,7066
6127,7064
6128,7066
6129,7065
6130,7059
6132,7065
6133,7066
6134,7065
6135,7065
6139,7066
6141,7066
6142,7066
6143,7066
6144,7066
6145,7066
6146,7065
6147,7066
6148,7056
6149,7063
6150,7066
6151,7061
6152,7066
6153,7066
6155,7066
6156,7053
6157,7065
6158,7065
6160,7064
6161,7050
6162,7058
6164,7061
6165,7064
6166,7065
6168,7066
6169,7066
6170,7060
6174,7066
6175,7066
6176,7065
6177,7066
6178,7066
6179,7066
6180,7066
6181,7066
6182,7066
6183,7066
6184,7066
6185,7066
6186,7066
6187,7066
6188,7066
6190,7065
6191,7066
6192,7066
6193,7066
6196,7064
6197,7065
6198,7057
6199,7065
6200,7063
6201,7065
6202,7064
6203,7065
6204,7058
6205,7065
6206,7065
6207,7063
6208,7065
6212,7066
6213,7066
6214,7066
6215,7066
6216,7066
6217,7063
6218,7039
6219,7065
6220,7061
6221,7059
6222,7066
6223,7061
6224,7065
6225,7062
6226,7054
6227,7066
6228,7066
6229,7035
6230,7064
6232,7066
6235,7059
6236,7066
6239,7064
6240,7066
6241,7053
6242,7065
6243,7061
6244,7065
6245,7059
6246,7051
6247,7066
6248,7066
6251,7061
6252,7065
6253,7066
6254,7066
6255,7045
6257,7063
6261,7054
6262,7056
6263,7066
6264,7066
6265,7066
6269,7057
6270,7018
6271,7063
6272,7063
6273,7066
6274,7063
6275,7065
6276,7065
6278,7061
6279,7065
6280,7041
6281,7066
6282,7065
6286,7066
6287,7066
6288,7066
6291,7066
6292,7066
6293,7066
6294,7066
6295,7064
6296,7063
6297,7065
6298,7063
6299,7038
6301,7065
6302,7050
6304,7066
6305,7008
6306,7054
6307,7060
6311,7055
6312,7066
6313,7065
6314,7065
6315,7065
6316,7061
6317,7064
6319,7064
6320,7045
6321,7062
6323,7045
6324,7066
6325,7066
6326,7066
6327,6981
6328,7061
6330,7052
6331,7066
6332,7066
6333,7066
6334,7058
6337,7061
6339,7065
6340,7057
6344,7063
6346,7062
6347,7057
6348,7066
6349,7066
6350,7066
6351,7065
6355,7066
6356,7066
6359,7055
6360,7055
6366,7066
6367,7066
6371,7066
6374,7066
6375,7066
6376,7062
6377,7066
6378,7065
6379,7066
6380,7066
6381,7065
6383,7066
6387,7066
6388,7034
6389,7065
6391,7066
6392,7066
6393,7066
6394,7064
6395,7066
6396,7066
6397,7066
6398,7052
6399,7065
6400,7048
6406,7065
6407,7040
6408,7064
6409,7048
6410,7066
6411,7066
6412,7065
6413,7065
6414,7036
6415,7065
6416,7066
6417,7052
6421,7052
6422,7027
6423,7066
6424,7031
6426,7065
6427,7060
6428,7066
6429,7065
6430,7066
6431,7066
6432,7058
6435,7055
6436,7063
6437,7063
6439,7066
6440,7064
6441,7050
6442,7063
6443,7039
6444,7066
6445,7066
6446,7066
6447,7050
6448,7065
6450,7066
6451,7066
6452,7065
6453,7066
6454,7066
6455,7066
6456,7066
6457,7065
6458,7060
6459,7066
6460,7064
6461,7065
6462,7049
6464,7058
6466,7066
6467,7066
6468,7066
6469,7066
6470,7066
6471,7062
6472,7056
6474,7045
6475,7064
6477,7066
6478,7066
6479,7065
6480,7066
6481,7066
6483,7056
6484,7066
6485,7066
6486,7037
6487,7065
6488,7063
6489,7066
6490,7066
6491,7058
6492,7066
6493,7066
6494,7033
6495,7065
6496,7066
6497,7066
6498,7058
6500,7063
6501,7059
6502,7066
6503,7050
6504,7066
6505,7066
6506,7066
6507,7066
6508,7066
6509,7066
6510,7061
6511,7056
6513,7066
6514,7066
6515,7066
6516,7066
6517,7066
6518,7063
6519,7066
6520,7066
6521,7066
6522,7058
6523,7034
6524,7064
6525,7061
6526,7061
6527,7066
6528,7066
6529,7053
6530,7059
6532,7060
6533,7066
6534,7066
6535,7066
6536,7066
6537,7062
6538,7052
6539,7065
6541,7066
6542,7065
6543,7061
6544,7066
6545,7066
6546,7066
6547,7066
6548,7064
6550,7060
6551,7065
6552,7062
6553,7049
6554,7066
6555,7047
6560,6982
6561,7066
6563,7061
6565,7065
6566,7051
6567,7057
6568,7064
6570,7066
6571,7052
6572,7066
6573,7066
6574,7066
6575,7066
6576,7066
6577,7066
6578,7066
6579,7066
6580,7066
6581,7066
6582,7066
6583,7066
6584,7066
6585,7066
6586,7065
6587,7065
6588,7065
6589,7066
6590,7058
6592,7060
6594,7065
6595,7063
6596,7004
6598,7066
6599,7059
6600,7066
6601,7066
6602,7066
6603,7066
6604,7066
6605,7065
6606,7046
6607,7065
6608,7063
6609,7060
6611,7061
6612,7064
6613,7055
6614,7066
6615,7021
6616,7053
6617,7066
6618,7047
6619,7039
6620,7063
6621,7062
6622,7062
6623,7065
6624,7049
6625,7065
6626,7065
6627,7025
6628,7051
6630,7066
6632,7066
6633,7066
6634,6976
6635,7066
6636,7064
6638,7066
6639,7065
6641,7064
6643,7065
6644,7066
6645,7066
6646,7065
6647,7066
6648,7064
6649,7063
6650,7066
6651,7066
6652,7066
6653,7066
6654,7066
6655,7062
6656,7066
6657,7064
6658,7066
6660,7065
6661,7061
6663,7056
6665,7048
6666,7064
6668,7061
6670,7059
6671,7066
6672,7066
6673,7066
6674,7066
6675,7066
6676,7065
6677,7066
6678,7066
6679,7066
6680,7065
6681,7064
6682,7056
6683,7063
6684,7065
6685,7060
6686,7056
6687,7066
6688,7065
6689,7065
6690,7065
6691,7062
6692,7066
6695,7065
6696,7064
6697,7066
6698,7066
6699,7066
6700,7059
6701,7066
6702,7066
6703,7065
6705,7066
6706,7063
6707,7057
6709,7060
6710,7066
6711,7066
6712,7062
6713,7066
6714,7034
6715,7066
6717,7065
6718,7066
6719,7066
6720,7054
6721,7061
6723,7061
6724,7061
6725,7051
6726,7059
6727,7066
6728,7066
6729,7066
6730,7066
6731,7066
6732,7066
6734,7066
6735,7066
6736,7037
6737,7066
6738,7065
6739,7051
6744,7065
6745,7065
6746,7065
6747,7065
6749,7066
6751,7064
6752,7066
6753,7066
6755,7051
6756,7065
6757,7065
6758,7065
6759,7050
6760,7064
6761,7065
6762,7061
6764,7066
6765,7041
6766,7060
6767,7066
6768,7066
6769,7063
6770,7057
6771,7066
6772,7031
6773,7066
6774,7058
6775,7064
6776,7063
6777,7053
6778,7063
6779,7066
6780,7066
6781,7063
6782,7066
6783,7064
6784,7062
6787,7066
6788,7057
6789,7039
6790,7065
6791,7065
6793,7066
6794,7066
6795,7066
6797,7066
6798,7066
6800,7066
6801,7065
6802,7064
6803,7054
6804,7065
6805,7055
6806,7057
6807,7066
6808,7065
6809,7054
6810,7066
6811,7066
6812,7065
6813,7060
6815,7065
6816,7065
6818,7066
6819,7066
6821,7066
6822,7066
6824,7065
6826,7064
6828,7066
6829,7066
6832,7058
6833,7043
6834,7066
6835,7066
6836,7066
6837,7066
6840,7055
6841,7066
6842,7066
6843,7066
6844,7066
6845,7066
6846,7066
6847,7066
6848,7058
6850,7047
6852,7066
6854,7066
6855,7047
6856,7065
6858,7064
6859,7064
6860,7066
6861,7065
6862,7066
6863,7066
6864,7066
6865,7063
6866,7066
6867,7065
6869,7065
6870,7066
6871,7065
6873,7066
6875,7066
6876,7066
6877,7066
6878,7066
6880,7065
6881,7065
6883,7066
6884,7066
6885,7060
6886,7065
6889,7065
6890,7059
6892,7056
6895,7066
6896,7065
6897,7061
6899,7066
6900,7061
6901,7062
6902,7057
6903,7065
6904,7064
6905,7066
6906,7066
6907,7050
6908,7066
6909,7066
6910,7066
6911,7063
6912,7066
6913,7054
6914,6981
6915,7065
6916,7041
6917,7056
6918,7051
6920,7061
6921,7066
6922,7066
6923,7058
6924,7052
6926,7066
6927,7066
6928,7065
6929,7066
6930,7065
6933,7060
6934,7039
6935,7066
6936,7066
6938,7053
6940,7065
6941,7041
6942,7058
6943,7066
6945,7059
6946,6991
6947,7065
6948,7056
6949,7066
6950,7061
6951,7042
6953,7049
6954,7065
6955,7066
6958,7065
6959,7066
6960,7066
6961,7066
6962,7066
6963,7066
6965,7064
6967,7059
6968,7065
6969,7065
6971,7065
6972,7066
6974,7066
6975,7063
6976,7059
6978,7065
6979,7020
6980,7058
6981,7065
6982,7051
6983,7065
6984,7063
6985,7065
6986,7066
6987,7065
6990,7066
6991,7066
6993,7043
6994,7034
6995,7066
6996,7066
6997,7063
6998,7066
6999,7066
7000,7066
7001,7066
7002,7065
7003,7066
7004,7066
7005,7066
7006,7066
7007,7066
7008,7066
7009,7066
7010,7066
7011,7065
7012,7066
7013,7066
7014,7066
7015,7066
7016,7066
7017,7066
7018,7066
7019,7066
7020,7066
7021,7064
7022,7066
7023,7054
7024,7066
7025,7066
7026,7064
7027,7066
7028,7066
7029,7066
7030,7066
7034,7065
7035,7066
7036,7066
7037,7066
7038,7063
7040,7053
7041,7066
7042,7065
7043,7061
7044,7066
7045,7066
7046,7064
7047,7021
7048,7066
7049,7066
7050,7030
7051,7065
7052,7022
7053,7053
7054,7035
7055,7062
7056,7058
7057,7046
7059,7046
7060,7060
7061,7066
7062,7061
7063,7065
7064,7064
7065,7064
7070,7066
7071,7066
7072,7065
7073,7062
7074,7052
7079,7066
7080,7052
7082,7066
7084,7066
7085,7066
7086,7053
7087,7064
7088,7061
7089,7065
7090,7061
7092,7026
7094,7055
7095,7066
7096,7062
7098,7066
7099,7063
7100,7066
7101,7066
7103,7066
7104,7066
7106,7066
7107,7064
7108,7057
7109,7066
7110,7055
7111,7066
7112,7066
7113,7062
7114,7066
7115,7066
7116,7059
7117,7060
7118,7065
7119,7064
7120,7042
7121,7065
7122,7066
7123,7065
7124,7066
7125,7066
7126,7065
7127,7066
7128,7066
7129,7061
7130,7066
7131,7050
7132,7057
7133,7066
7134,7066
7135,7066
7136,7064
7137,7065
7138,7065
7139,7065
7140,7065
7142,7066
7143,7064
7144,7065
7145,7066
7146,7057
7149,7060
7150,7066
7151,7065
7153,7061
7154,7066
7155,7066
7156,7066
7157,7066
7158,7066
7159,7066
7160,7065
7161,7061
7162,7056
7163,7064
7164,7063
7165,7064
7166,7066
7167,7065
7168,7053
7170,7066
7171,7063
7172,7066
7173,7066
7174,7066
7175,7065
7176,7065
7177,7066
7178,7065
7179,7065
7180,7064
7181,7066
7183,7063
7184,7065
7185,7045
7186,7054
7187,7066
7188,7064
7189,7066
7192,7066
7193,7066
7197,7066
7198,7063
7199,7065
7201,7059
7203,7066
7204,7063
7205,7066
7206,7066
7210,7066
7211,7066
7212,7066
7214,7066
7215,7063
7217,7066
7218,7066
7219,7065
7220,7066
7221,7065
7222,7061
7223,7066
7225,7001
7226,7065
7227,7063
7228,7063
7229,7064
7230,7066
7231,7052
7232,7066
7233,7059
7234,7066
7235,7066
7236,7059
7237,7058
7238,7065
7239,7066
7240,7066
7241,7063
7243,7055
7245,7066
7246,7058
7250,7062
7251,7066
7252,7066
7253,7065
7254,7057
7255,7066
7257,7060
7260,7064
7262,7055
7265,7066
7266,7066
7267,7066
7268,7066
7269,7066
7270,7065
7271,7065
7273,7063
7276,7066
7277,7058
7278,7065
7279,7050
7280,7044
7281,7066
7282,7066
7283,7066
7284,7066
7285,7066
7286,7066
7287,7066
7289,7057
7290,7061
7291,7065
7292,7064
7293,7066
7294,7063
7295,7038
7296,7065
7297,7066
7298,7065
7299,7066
7300,7066
7301,7053
7302,7066
7304,7057
7305,7066
7306,7051
7309,7065
7310,7065
7315,7054
7316,7062
7317,7055
7318,7063
7319,7058
7320,7065
7321,7066
7323,7057
7326,7066
7327,7066
7329,7066
7330,7066
7332,7066
7333,7065
7335,7064
7336,7066
7337,7066
7341,7061
7342,7066
7343,7064
7344,7066
7345,7065
7347,7066
7348,7066
7349,7066
7350,7065
7351,7049
7352,7062
7353,7066
7354,7065
7355,7066
7357,7062
7359,7059
7360,7066
7362,7049
7363,7066
7365,7061
7371,7066
7372,7065
7373,7059
7374,7066
7376,7066
7377,7065
7378,7053
7379,7066
7380,7066
7381,7066
7382,7066
7383,7065
7386,7019
7387,7061
7389,7063
7390,7060
7391,7057
7392,7066
7393,7051
7394,7063
7397,7049
7400,7066
7401,7066
7402,7066
7403,7066
7404,7066
7405,7065
7407,7061
7409,7066
7413,7065
7414,7065
7415,7064
7416,7066
7417,7066
7418,7066
7419,7066
7420,7066
7421,7066
7422,7060
7423,7057
7424,7066
7425,7066
7426,7065
7427,7065
7428,7064
7429,7065
7430,7065
7431,7065
7434,7059
7436,7057
7439,7059
7440,7059
7441,7066
7442,7053
7443,7065
7444,7066
7445,7066
7446,7066
7447,7066
7448,7065
7449,7036
7450,7062
7451,7066
7452,7065
7453,7066
7454,7066
7455,7065
7456,7066
7457,7066
7458,7066
7459,7066
7461,7066
7462,7066
7468,7066
7469,7066
7470,7066
7471,7066
7472,7066
7473,7065
7474,7065
7476,7065
7477,7065
7478,7043
7480,7066
7481,7066
7482,7066
7483,7066
7484,7066
7485,7066
7486,7066
7487,7066
7490,7062
7491,7056
7492,7066
7493,7057
7497,7055
7498,7058
7501,7066
7502,7066
7503,7066
7505,7066
7506,7065
7508,7062
7509,7066
7510,7065
7511,7064
7512,7062
7513,7066
7514,7064
7515,7065
7517,7060
7518,7064
7520,7060
7522,7066
7523,7066
7524,7066
7525,7066
7527,7066
7528,7066
7529,7052
7531,7066
7533,7061
7534,7064
7535,7066
7536,7066
7537,7066
7538,7065
7540,7065
7544,7047
7545,7066
7546,7065
7549,7064
7550,7065
7553,6967
7554,7065
7557,7055
7561,7066
7563,7066
7564,7065
7565,7064
7567,7059
7569,7065
7570,7066
7571,7065
7572,7065
7574,7048
7576,7065
7577,7065
7578,7062
7579,7062
7580,7054
7581,7065
7583,7062
7585,7066
7586,7065
7587,7048
7588,7047
7590,7063
7593,7054
7594,7065
7595,7066
7597,7065
7598,7059
7599,7065
7600,7065
7601,7065
7602,7065
7604,7055
7605,7064
7608,7066
7609,7066
7610,7066
7611,7065
7613,7065
7614,7064
7615,7066
7616,7066
7617,7066
7618,7064
7619,7065
7620,6987
7623,7065
7624,7066
7625,7065
7626,7066
7629,7066
7630,7065
7632,7053
7634,7059
7636,7065
7637,7066
7638,7065
7639,7065
7642,7055
7644,7066
7645,7066
7646,7066
7647,7051
7648,7057
7649,7064
7650,7066
7651,7065
7652,7057
7653,7058
7658,7060
7659,7066
7660,7066
7661,7066
7662,7066
7663,7066
7664,7066
7665,7065
7666,7049
7668,7059
7669,7060
7670,7066
7672,7065
7673,7058
7675,7053
7676,7066
7677,7062
7678,7066
7679,7061
7682,7045
7683,7060
7684,7066
7685,7066
7686,7065
7687,7063
7688,7054
7690,7065
7691,7058
7694,7064
7695,7066
7696,7065
7697,7059
7698,7066
7699,7046
7701,7053
7703,7065
7704,7066
7705,7066
7706,7066
7707,7058
7708,7065
7715,7066
7716,7066
7717,7066
7719,7065
7720,7065
7721,7066
7724,7064
7726,7059
7727,7062
7728,7065
7729,7065
7730,7060
7732,7065
7733,7063
7734,7060
7735,7064
7736,7066
7737,7066
7738,7062
7740,7059
7741,7066
7742,7066
7743,7063
7744,7065
7745,7066
7747,7063
7750,7065
7751,7066
7752,7066
7753,7066
7754,7066
7755,7063
7756,7066
7757,7064
7758,7066
7759,7066
7760,7066
7761,7066
7762,7066
7763,7065
7765,7065
7766,7066
7767,7066
7768,7065
7769,7066
7770,7066
7771,7065
7772,7061
7773,7066
7774,7061
7775,7066
7777,7066
7778,7066
7779,7066
7780,7066
7781,7066
7782,7066
7783,7066
7788,7065
7789,7066
7790,7064
7791,7051
7792,7066
7795,7061
7796,7065
7797,7065
7799,7062
7800,7066
7801,7066
7802,7066
7803,7040
7804,7065
7805,7065
7806,7066
7808,7066
7809,7066
7810,7061
7812,7064
7813,7065
7814,7066
7815,7064
7818,7058
7819,7056
7821,7066
7822,7066
7826,7066
7827,7065
7828,7065
7829,7065
7830,7066
7831,7065
7832,7066
7833,7066
7834,7066
7835,7065
7836,7065
7837,7066
7839,7033
7840,7062
7841,7066
7842,7066
7843,7066
7844,7066
7845,7066
7848,7065
7849,7066
7850,7066
7851,7066
7852,7065
7853,7066
7854,7066
7855,7066
7856,7066
7857,7059
7860,7066
7861,7065
7862,7063
7863,7066
7864,7066
7865,7064
7866,7066
7867,7066
7868,7066
7869,7066
7870,7065
7871,7065
7873,7065
7874,7054
7875,7065
7877,7065
7878,7066
7879,7065
7881,7064
7882,7064
7883,7066
7884,7066
7885,7063
7886,7066
7887,7066
7888,7066
7889,7066
7890,7063
7891,7066
7892,7066
7893,7066
7894,7066
7899,7057
7900,7066
7901,7064
7902,7063
7903,7066
7904,7066
7905,7066
7906,7059
7907,7064
7908,7066
7909,7064
7910,7062
7911,7066
7912,7066
7913,7061
7914,7066
7915,7066
7916,7066
7919,7066
7920,7066
7921,7049
7922,7066
7923,7066
7924,7031
7925,7066
7927,7066
7928,7046
7929,7065
7930,7066
7931,7066
7932,7065
7933,7065
7934,7065
7935,7065
7937,7066
7938,7066
7939,7066
7940,7066
7941,7066
7942,7066
7944,7066
7945,7065
7946,7065
7948,7066
7949,7066
7950,7066
7952,7058
7953,7066
7954,7066
7955,7066
7956,7066
7957,7065
7959,7066
7960,7066
7961,7065
7964,7063
7965,7066
7966,7066
7967,7065
7968,7064
7969,7064
7970,7065
7974,7066
7975,7066
7976,7066
7978,7066
7979,7065
7980,7053
7985,7066
7986,7065
7991,7064
7992,7053
7993,7065
7994,7057
7995,7065
7996,7056
7998,7066
7999,7066
8000,7066
8001,7066
8002,7055
8005,7066
8006,7065
8007,7061
8009,7066
8010,7066
8011,7066
8012,7066
8013,7066
8019,7059
8020,7065
8021,7064
8023,7066
8024,7060
8025,7064
8027,7066
8028,7063
8033,7061
8035,7066
8036,7066
8037,7064
8038,7062
8040,7066
8041,7066
8042,7065
8043,7061
8044,7063
8045,7061
8046,7064
8047,7063
8048,7065
8049,7066
8050,7057
8051,7062
8052,7066
8053,7063
8054,7066
8055,7066
8056,7066
8057,7066
8058,7064
8060,7066
8061,7064
8062,7066
8063,7066
8064,7066
8065,7066
8066,7063
8068,7062
8069,7066
8070,7066
8071,7066
8072,7066
8073,7066
8077,7065
8079,7058
8080,7066
8081,7066
8083,7059
8084,7066
8085,7066
8086,7066
8087,7066
8088,7065
8089,7065
8090,7058
8091,7066
8092,7065
8093,7066
8094,7063
8095,7066
8096,7066
8097,7065
8098,7066
8099,7066
8100,7066
8101,7066
8102,7066
8103,7066
8104,7066
8105,7066
8106,7066
8107,7064
8108,7065
8109,7066
8110,7066
8111,7064
8112,7064
8114,7065
8115,7065
8118,7066
8119,7066
8120,7066
8121,7066
8122,7063
8124,7065
8126,7065
8128,7066
8130,7059
8131,7064
8132,7052
8133,7066
8134,7051
8135,7066
8136,7066
8137,7066
8138,7065
8139,7060
8140,7066
8141,7045
8142,7065
8144,7065
8145,7064
8146,7065
8147,7065
8148,7054
8149,7062
8150,7064
8152,7066
8153,7066
8155,7066
8156,7066
8157,7066
8158,7065
8159,7065
8161,7066
8162,7066
8163,7066
8165,7065
8166,7066
8167,7066
8168,7065
8169,7055
8170,7066
8171,7066
8172,7066
8173,7065
8174,7066
8175,7065
8177,7066
8178,7043
8179,7066
8180,7066
8181,7066
8182,7066
8183,7066
8184,7065
8186,7059
8187,7066
8189,7064
8190,7066
8192,7066
8193,7066
8194,7066
8195,7066
8196,7066
8197,7066
8198,7051
8199,7066
8202,7066
8203,7066
8204,7059
8205,7066
8206,7065
8209,7066
8211,7065
8212,7066
8213,7066
8214,7066
8215,7066
8216,7066
8219,7064
8221,7066
8222,7065
8224,7042
8225,7059
8226,7058
8227,7064
8229,7065
8231,7066
8232,7066
8233,7066
8235,7057
8236,7066
8237,7064
8238,7066
8241,7066
8242,7066
8243,7063
8244,7065
8245,7065
8246,7053
8248,7066
8249,7038
8251,7066
8252,7066
8253,7066
8254,7066
8255,7066
8256,7066
8260,7066
8261,7066
8262,7066
8263,7062
8264,7066
8265,7066
8266,7066
8270,7066
8271,7064
8272,7066
8273,7066
8274,7065
8275,7054
8276,7059
8277,7064
8282,7062
8283,7062
8284,7061
8285,7061
8286,7064
8287,7053
8288,7053
8289,7064
8290,7028
8291,7030
8292,7042
8293,6976
8294,7027
8295,7015
8296,7052
8297,7042
