3382	6404
5988	6473
5989	6338
5982	6512
5983	6338
5980	5344
5981	6415
5986	6338
5987	6338
5984	6062
5985	6338
6797	6384
6794	6234
6795	6275
6793	6234
6790	6373
6791	6044
6798	6384
270	6188
271	6454
273	6469
274	6399
275	6314
276	6542
277	4919
2143	6376
2142	6549
3519	6397
3518	6351
3513	6439
3512	6381
3511	6271
3510	6271
3516	6271
3515	6210
3514	6271
2688	6137
2689	6340
2684	6503
2685	6503
2686	6293
2687	6340
2680	6548
2682	6503
2683	6399
99	6233
98	6319
91	6685
90	6143
93	6383
92	6319
95	5126
94	5197
96	6070
1177	5491
1176	6553
1175	6553
1174	6553
1173	6553
1172	6553
1171	6553
1170	6564
1179	6101
1178	5491
7188	6468
7189	6370
7180	6264
7181	6294
7183	6201
7184	6363
7185	5384
7186	5266
7187	6361
875	4934
1226	6357
872	6020
1225	6357
3435	6558
620	6416
3436	6249
8019	5743
627	6338
3437	6249
8013	6387
8012	6295
8011	6387
626	6379
7456	6405
4592	6121
7454	6405
7455	6696
7452	6256
625	6326
7450	6384
2036	6034
1220	6357
7458	6405
7459	6405
2034	6361
4596	6343
4597	6343
2031	6361
4595	6394
2749	6594
4845	6352
4598	6172
8291	6501
4599	6261
8290	6440
4735	6477
8293	6370
8292	6287
8295	6340
4843	5541
4738	6477
8294	6294
4739	6375
6530	5511
393	6446
392	6397
391	6396
390	6383
397	6438
396	6461
395	6348
394	6446
399	6479
398	6432
2309	6330
2308	6359
4728	6298
2301	6362
2300	6362
4727	6298
2302	6362
4721	5927
4720	6246
2307	5692
2306	6472
5846	6375
5844	6319
5842	6296
5841	6293
5840	6293
5848	6384
3748	6412
3749	6025
3746	6164
3747	6306
3744	6454
3745	4766
3742	6133
3743	6442
4620	4606
4621	4613
4622	6383
4623	6205
4624	6113
4625	5580
4626	6449
4627	6383
4629	5442
179	6432
178	6523
177	6471
176	6425
175	6406
174	5804
173	6359
172	6355
171	6484
7218	6447
7219	5441
7210	6333
7211	6333
7212	6333
7214	6333
7215	5909
7217	5950
6217	6486
6216	6397
6215	6429
6214	6429
6213	6396
6212	6550
6219	6630
6218	6192
6819	6416
6818	6450
6811	6338
6810	6338
6813	5473
6812	6393
6815	6399
6816	6048
7669	5102
7668	4720
7661	6454
7660	6349
7663	6411
7662	6349
7665	6533
7664	6411
7666	4878
1768	6461
1769	6373
1762	6450
1763	5361
1760	6440
1761	6460
1766	5942
1767	6293
1764	6362
1765	6627
1546	5362
1547	6572
690	6280
1545	5362
1542	6393
1543	5362
1540	6392
1541	6392
698	6366
699	6308
1548	6197
1549	6184
5612	6256
5613	5835
5610	6149
5611	6190
5616	6158
5617	5132
5614	6291
5615	5871
7116	6374
7118	4369
6778	5408
6779	6497
6774	6363
6775	5934
6776	5564
6777	5217
6770	6338
6771	6492
6772	6189
6773	6299
258	6356
259	6349
252	6376
253	6490
250	6402
251	6522
256	5922
257	6490
254	6365
255	6375
4665	6414
3689	6030
3688	6280
3683	6298
3682	5534
3681	5784
3680	6400
3687	6391
3686	6379
3685	6409
3684	6391
2518	6425
2519	6553
2514	6450
2515	6450
2516	6500
2517	6450
2510	6385
2511	6368
2512	6450
2513	6450
3531	6426
3530	6422
3532	6527
5058	6277
5059	6499
3537	6486
3536	6228
5054	6482
3538	6268
5057	5736
5050	6287
5051	6426
5052	6426
5053	6511
1159	6363
1158	6287
1155	6287
1154	6297
1157	6525
1156	6287
1151	6384
1150	6504
1152	6474
8035	6408
8037	6392
8036	6584
8033	5621
8038	5196
4299	6455
4298	5693
4295	6357
4297	6396
4296	6455
4291	6370
4290	6511
4292	6289
4749	6741
4748	6412
4743	6127
4742	6295
4741	6392
4740	6477
4746	6136
4745	5674
4744	5908
5868	6488
5864	6112
5866	6112
5861	6493
5860	5559
5863	6416
5862	6319
2183	6098
2182	4740
2181	6482
2180	6482
2187	6250
2186	6430
4608	5411
2184	6448
4607	6437
2189	6250
2188	5981
4602	5098
4603	4206
4600	6339
4601	6344
6451	6348
6450	6348
6905	6431
6904	4763
6455	6348
6454	6348
151	6390
150	6129
153	4575
152	6326
155	6311
154	6326
157	6195
156	6405
159	6363
158	6227
6900	6357
8134	6247
8135	6247
6187	6169
6186	6169
6185	6169
6184	6202
6183	6169
6182	6276
6181	6169
6180	6286
6954	6517
8133	6368
6188	6169
2727	6412
2725	6469
2724	6119
2723	6469
2722	6469
2721	6521
2720	5119
2729	6136
2728	6682
7236	6259
7237	6336
7234	6359
7235	6359
7232	6359
7233	6342
7230	6392
7231	6343
7948	6508
7949	6514
7238	6355
7239	6443
692	6366
6239	6406
6235	5391
6236	6034
6230	6260
6232	6502
693	4622
7815	6156
7932	5668
818	6424
819	6413
810	6227
811	6562
812	6412
813	6429
814	6461
815	6701
816	6419
817	6397
1700	6380
1701	6310
5265	6337
1703	6311
1704	6311
1705	6385
1706	6462
1707	6489
1708	6311
1709	6147
5269	6416
4574	6355
4575	6576
2093	6421
4577	6390
3029	6423
3028	6334
3027	6351
3026	6343
3025	6310
3024	6456
3023	5231
3022	6366
3021	6409
3020	6467
4198	6410
4199	5386
4197	6230
4194	6169
4195	5722
4192	6509
4190	6236
4191	6328
5670	5670
5671	6403
5673	5280
5674	6343
5675	6482
5676	6403
6437	6458
6436	6088
8190	6536
8196	6364
6432	6364
6431	6364
6430	6364
8198	6364
8199	6104
6439	6393
6758	6547
6759	6189
6752	6388
6753	6373
6751	6306
6756	5022
6757	5697
6755	5877
238	6359
239	6307
234	6307
235	6366
236	6457
237	5881
230	6311
231	6269
232	6179
233	6307
4681	6122
2538	5491
2530	5491
2531	5393
2536	5491
2537	5491
2534	5491
2535	6209
5078	6609
5079	6246
5072	6404
5073	6366
5070	6418
5071	6396
5077	6342
5075	4740
938	4806
933	6084
932	6388
931	6462
930	5935
937	6534
936	6488
935	6407
934	5023
5380	6575
5381	6407
5382	6346
5384	6007
5385	6415
5386	6432
5387	5272
5388	5775
797	6131
796	6502
795	6419
794	6330
793	6390
792	6591
791	6211
2410	6477
2413	6449
799	6439
798	6411
2144	6343
2415	5796
2414	6437
1139	6458
1138	6147
2141	6335
1133	6148
1132	6143
1131	6437
1130	6437
1137	6511
1135	6377
1134	6446
2419	5996
2418	6478
7149	5853
7144	6349
7145	6349
7146	5341
7140	5859
7142	6332
7143	6435
2149	6397
2148	6376
8053	6544
8052	6343
8051	6367
8050	5022
8057	6369
8056	6369
8055	6369
8054	6485
8058	5318
2882	6342
2883	6282
2880	6342
2881	6342
2886	6411
2887	6544
2884	6342
2885	5332
7492	6478
7493	4470
2888	6544
2889	6262
7497	6200
3276	6302
1921	6425
1922	6153
1923	6425
1924	5658
1925	6375
1926	6502
1927	6501
4761	6189
4760	6232
4763	6189
4762	6189
4765	6276
4764	6370
4767	5306
4766	6189
5809	5888
5808	6296
5803	6383
5802	6116
5801	6203
5800	6397
5807	6249
5806	6280
5805	6271
5804	6398
1572	5744
687	4382
1570	6522
7360	6477
683	4426
682	6029
4889	6398
2709	5894
2708	6367
4880	5144
4881	6212
4882	6332
2706	6357
4884	6341
2700	6343
2703	5980
2702	6050
7960	6415
7961	6415
7966	6105
7967	6366
7964	6347
7965	6384
7968	6330
7969	6472
6253	5901
6252	5452
6251	6354
6257	5602
6255	5901
6254	5901
2411	6336
832	6244
3475	6246
830	6599
3477	6412
3470	6093
3471	6341
3472	6129
3473	6421
838	6206
839	6301
3478	6353
3479	6242
8010	6407
7457	6405
6805	5162
7453	6405
5249	6414
5248	6436
1728	6133
1729	6350
1726	6398
5244	4975
5247	6414
5246	6273
1722	6372
1723	6421
1720	6339
1721	6398
7931	6415
7930	6382
7933	6033
3005	6405
3311	6365
3007	6428
3006	6336
3001	6331
3000	6422
3003	6311
3002	6443
7935	5330
3009	6420
5485	6226
7934	5330
1588	6528
3312	6213
7937	6356
1582	6495
3315	6333
1580	6433
1581	6017
1587	6302
1584	6302
3314	6213
5481	5527
5480	6360
1635	6131
5658	6432
5659	6305
5656	6264
5657	6312
5655	6222
5652	6355
5653	6355
5650	6402
5651	6447
6415	6575
6414	6502
6417	6450
6416	6311
6411	6228
6410	6228
6413	5833
6412	5833
7777	6439
7775	6322
7774	6413
7773	6439
7772	6244
7771	6284
7770	6398
7779	6446
7778	6439
3917	6465
3916	6183
3914	5478
3912	5722
3911	5399
3910	6282
3919	6135
3918	6405
6730	6383
6731	6383
6732	6383
6734	6187
6735	6310
6736	6213
6737	6366
6738	5456
6739	6310
216	6392
217	6420
214	6406
215	6442
212	6521
213	5751
210	6047
211	5095
218	6413
219	6420
6088	4961
6082	5720
6083	5131
6080	5479
6081	6400
3285	4822
3649	4735
3648	5883
3647	6336
3646	5822
3645	6415
3643	6455
3642	6172
3641	6287
3640	6445
2550	6451
2551	6295
2552	5080
2555	6566
2556	6501
2557	6329
2558	6477
2559	6238
5010	6322
5011	6393
5012	6353
5013	6395
5015	6551
5016	6520
5017	6131
5018	6485
5019	6372
3281	5682
4418	6369
4417	6482
4416	6015
4415	6328
4414	6482
4413	6502
4412	6124
4411	5104
919	6236
918	6467
915	6337
914	5869
917	6236
916	6405
911	6316
910	6240
913	6386
912	6404
3280	5980
7168	6410
7162	5757
7163	6406
7160	5921
7161	5153
7166	6410
7167	5697
7164	5945
7165	6245
8079	5305
631	6331
8071	6297
8070	6297
8073	6402
8072	6297
632	6377
8077	6356
1211	6410
634	6164
1214	6368
1215	6071
1447	6415
1110	6314
1445	6377
1444	6450
1115	6187
1114	6367
1441	6383
1440	6447
3707	6444
1449	6555
1448	6555
2004	6533
4858	4720
4856	6450
2008	6361
4854	6313
4581	6278
4580	5624
4725	6295
4583	4497
4850	6322
4726	6417
6529	4558
4723	6285
4789	6363
4788	6480
4787	6337
4786	5650
4785	6337
4783	4948
4782	6498
4781	6379
4780	4640
5821	6388
5820	6522
5823	6499
5822	6327
5824	6133
5827	6380
5829	6319
5828	6505
6916	6018
1182	6455
199	6218
198	6047
195	6047
194	6314
197	6404
196	6047
191	5806
190	6414
193	6471
192	5325
2769	6213
2768	6454
2763	6483
2762	5823
2761	6483
2760	6344
2767	6460
2766	6460
2765	6343
2764	6334
7908	6438
7909	4843
7900	6457
7901	6448
7902	6364
7903	6363
7904	6359
7905	6438
7906	6011
7907	6407
6271	6486
6270	6289
6273	6340
6272	6278
6275	6162
6274	6151
6276	6162
6279	5449
6278	5634
3452	6342
3453	6258
3450	6358
3451	6178
3456	6319
3457	6228
3454	6231
3455	6360
3458	6436
3459	6322
859	6477
6	6362
5229	6321
5228	6321
5222	6380
5221	6380
5220	6380
5227	6321
5226	6348
5225	4954
5224	4954
3063	4766
3062	6357
3061	6538
3060	6374
3066	6358
3068	5741
4817	6369
3260	6505
1304	6479
1305	6289
1306	6394
1307	6546
1300	5848
1301	6542
1302	6479
1303	6479
7129	6304
1308	6443
1309	6457
498	6060
499	6116
494	6481
495	6257
497	6089
490	6259
492	6419
493	6496
6479	6417
6478	6279
6472	4695
6471	6358
6470	4695
6477	6279
6475	4618
7123	6339
7759	6597
7758	6366
7755	6070
7754	6349
7757	6394
7756	6393
7751	6394
7750	6561
7753	6393
7752	6393
3939	4780
3935	6450
3937	6450
3936	6450
3931	6523
3930	6283
3933	5032
3932	6449
3265	6483
6718	6298
6719	6438
6717	6356
6714	6100
6715	6357
6712	6370
6713	6369
6710	6275
6711	6484
4044	6263
4045	6365
4046	6023
4047	5511
4040	6255
4041	6281
4042	6510
4043	6404
4048	6474
4049	5662
3665	6086
3664	6414
3667	6233
3666	6167
3661	6385
3660	6317
3663	6189
3662	5908
3669	5779
3668	6332
5582	6469
2578	6485
2579	6430
2576	6249
2577	6503
2574	6550
2575	6014
2572	6618
2573	6014
2570	6649
2571	5300
3593	6462
3592	6399
3591	6452
3590	5597
3597	6244
3596	6478
5038	6564
3594	6309
5036	6423
5037	6388
3599	5597
5035	6568
5032	6214
5033	5466
5031	6414
4435	6439
4434	6126
4437	5828
4436	6201
4431	6177
4430	6293
4433	6203
4432	6460
4439	6108
4438	6145
977	6405
976	6405
975	6387
974	6396
973	6389
972	6452
971	6313
970	6370
979	5902
978	6447
5416	5490
7100	6394
7101	6313
7103	6520
7104	6512
7106	6513
7107	5793
7108	6520
7109	6467
3380	6300
1681	6470
1680	6269
1683	6449
1682	6468
1685	6460
1684	6324
1687	5361
1686	6426
1689	6395
1688	6412
653	6517
1469	6395
1468	6453
1465	6466
1464	6437
1467	6439
1466	6422
1461	6437
1460	6437
1463	5773
1462	6239
4238	6361
4237	6466
4236	4940
4235	4959
4234	6373
4233	6394
4232	6440
4231	5438
5591	6130
5590	5982
5592	5983
5595	6217
5594	6217
5596	6381
5599	6516
5598	6516
319	6423
318	6508
313	6258
312	6428
311	6413
310	6420
317	6292
316	6413
315	6114
314	6404
443	6307
441	6523
440	6436
447	6109
446	6307
445	6381
444	6384
2299	6358
2298	6177
2293	6492
2292	6527
2291	6527
2290	6426
2297	6404
2296	6426
2295	6450
2294	5047
8139	5471
7290	5009
7927	6378
7292	4847
7293	6481
7294	6444
7295	6317
7296	4794
7297	6318
7298	5589
7299	6391
7704	6560
7928	4637
7929	6017
7705	6560
6299	6338
6298	6385
6297	4481
6296	6343
6295	4462
6294	6343
6293	6343
6292	6343
6291	6343
4672	6172
7708	5787
3438	6249
3439	6363
878	6383
879	6325
876	6383
877	6422
874	6274
3433	6312
3434	5234
873	6502
870	6333
871	6452
2741	5926
2740	6293
2035	6361
4591	6485
4848	6352
2744	6168
4594	6343
2746	6387
4844	6313
2748	6594
4846	6341
4847	6352
4840	6477
4841	6352
4842	6354
2038	6579
5201	6444
5200	6383
5203	6342
5202	6585
5204	6393
5207	6490
5209	6239
5208	5120
3049	5697
3048	6351
3041	6297
3040	6138
3043	6179
3042	6179
3044	6311
3047	6547
3046	6468
1094	6627
1095	6426
1096	5595
1097	6298
1090	6528
1092	5189
1093	6627
1098	6239
1099	6316
7523	6227
1322	6467
1323	6278
1320	6434
1321	6108
1326	6369
1327	5553
1324	5068
1325	6419
1328	6100
1329	6418
6907	6359
6906	6411
6453	6348
6452	6424
6903	6348
6902	6227
6901	6384
6456	6371
6459	6503
6458	6348
8136	6247
8137	6247
8130	5221
8131	6206
6909	6431
6908	6431
7738	5835
7733	6382
7732	6333
7730	5166
7737	6403
7736	6652
7735	5004
7734	5062
3959	6379
3958	6437
3953	6456
3952	6456
3957	4482
3956	6261
3955	6522
3954	6578
1966	6447
4062	6476
4063	6391
4061	6393
4066	6331
4067	6393
4064	6393
4065	6460
4068	6144
4069	6393
5784	6398
5785	6473
5786	6485
5787	6446
5780	6412
5781	6224
5782	4568
5783	6367
5788	6308
5789	6522
3603	6173
3602	5616
3601	6248
3600	5849
3607	6410
3606	6396
3605	6396
3604	6448
3609	6069
4593	6219
7529	6280
4453	6277
4452	6124
4451	6295
4450	6277
4457	6415
4456	6311
4455	6423
4454	6415
4459	6380
4458	6532
959	6449
958	6512
951	4570
950	6551
955	6508
954	5551
957	6404
956	6435
1859	6446
6334	6443
6337	6438
6330	6312
6331	6554
6332	6443
6333	6446
6339	6372
717	6239
4969	6373
716	6418
4966	6399
7126	6035
7127	6277
7124	6276
7125	6276
7122	6007
4965	6329
7120	5609
7121	6489
4964	6439
1669	6322
1668	6470
1667	6409
1666	6154
1665	6154
1664	6334
1663	5894
1662	6435
1661	6214
1660	6214
591	6473
590	6444
593	6350
592	6465
595	6366
594	6350
597	6254
596	5372
599	6390
598	6390
2828	6472
2824	5655
2825	5981
2826	6563
2827	6563
2821	6289
2822	6300
2823	5655
3386	6136
5415	6034
3384	6322
3385	6404
5410	6336
3383	6466
5412	6363
3381	6403
5418	6499
5419	6464
3388	6258
3389	6397
1409	6363
1408	6363
1403	6414
1402	6459
1401	6358
1400	6136
1407	6486
1406	6375
1405	6363
1404	6363
4215	5367
4214	6412
4217	6245
4216	5796
4211	5800
4210	5702
4213	6399
4212	6267
5790	6522
4219	6425
4218	4805
691	6397
696	6338
697	6341
3261	6483
694	4622
5579	6380
5578	6334
5577	5750
5576	6341
695	6195
5573	5877
5572	6329
5571	6329
5570	5415
3262	5696
3968	6407
1937	6125
5798	6429
3264	4753
339	6313
3267	6480
335	6301
334	6479
337	6471
3266	5413
331	6194
330	5073
333	6452
332	6478
3269	6070
5125	5792
1939	5678
1938	5678
5123	6363
6109	5362
6108	6395
6107	5068
6106	4552
6105	5497
3416	6370
3417	6308
3412	6419
3410	4982
3411	6419
3418	6370
4868	6411
4869	6411
2019	6361
2018	6034
2015	6361
2014	6429
2017	6361
2016	6366
2011	6299
2010	6191
2013	6361
2012	6431
458	6551
1349	6275
1340	6424
1341	6382
1342	6136
1343	6202
454	6525
455	6480
1346	6053
457	6154
8118	6409
8119	6409
6929	6358
6928	5852
8112	5903
6924	6350
6927	6403
6926	6403
6921	6326
6920	4404
6923	4850
8115	5859
7715	6361
7717	6454
7716	6454
7719	6304
752	6465
4008	6335
4009	4845
4000	6403
4001	6304
4005	6351
4006	6231
4007	6366
3971	5990
3970	6407
3973	6159
3974	5419
3977	6368
3976	6174
3979	6286
3978	6314
3629	5417
3628	6366
3621	6525
3620	6525
3623	5591
3622	6369
3625	6476
3624	6150
6446	6322
4479	6295
4478	6295
4471	5975
4470	5975
4473	5216
4475	5216
4474	6331
4477	6390
4476	5839
2953	6247
2464	5128
5344	6331
2466	5128
2467	6046
2460	6544
2461	6544
2462	6399
5345	6429
2469	6566
5347	6605
5341	6361
1023	6396
5343	6367
6312	6409
6313	6422
6311	5627
6316	6317
6317	6388
6314	6445
6315	6186
6319	6247
5348	6429
7684	6689
6441	6393
1645	6502
1644	5980
1647	6300
1646	6460
1641	6460
1643	6498
1642	6498
1649	6384
1648	6476
579	6460
578	6326
4987	5439
573	6407
572	5640
571	6407
570	6566
577	6326
576	6326
575	6306
574	6486
2808	6197
2809	6489
2802	5488
2803	6483
2801	6347
2807	6289
2804	5299
2805	6483
5432	6370
1420	6390
1423	6492
5431	6367
5436	6351
5437	6365
5434	5246
5435	5810
1429	5955
1428	6406
5438	6351
5439	6395
3360	6149
3361	6065
3362	6149
3363	5421
4957	5675
4273	6531
4272	4836
4277	5751
4276	6490
4275	6618
4274	6459
1201	6528
4279	5751
4278	5751
1200	6472
5555	5953
4862	5293
5551	6515
5550	6314
5553	6528
5552	6369
5559	5513
5558	6573
4861	4720
5374	5522
4866	5836
4867	6411
4864	6377
5883	6348
5882	5254
5880	4762
5887	4725
5886	6415
5885	6613
8276	5870
5889	6386
5888	6386
6554	6411
6555	6492
6550	5732
6551	6406
6552	6381
6553	5962
8270	6377
357	6311
356	6282
355	5226
353	6023
352	6406
351	6282
350	6430
7508	5753
7509	6435
359	5281
358	6455
6124	6341
6127	6609
6126	6484
6121	6352
6120	6379
6123	6392
6129	6250
6128	6505
2190	6250
3225	6415
4632	6281
2192	6137
2193	6472
2259	6401
2258	6380
2257	6414
2256	6179
2255	6346
2254	6244
2253	6431
2252	6381
2251	6399
4636	6330
3224	4720
4635	6108
4800	6255
3227	6392
2787	6568
4803	6455
4804	6455
4805	6460
4806	6455
4807	6455
4808	6455
4809	5511
2789	6428
2788	6559
2079	6391
2073	6457
2072	6403
2071	6436
2070	6457
2077	6418
2076	6390
3221	4720
3220	4720
3223	4720
3222	4720
7080	6420
7082	6327
7085	6408
7084	6408
7087	5899
7086	6404
7089	6297
7088	6408
6495	6435
6494	6366
6497	6581
6496	6445
6491	5502
6490	6437
6493	6445
6492	6197
8178	6476
8179	6476
6498	6581
6949	6651
6948	6113
6943	5842
6942	5215
6941	5604
6940	6120
6947	6218
6946	6408
6945	6354
4398	6521
4399	6170
4393	5799
4394	5799
4395	6111
4396	5799
4397	5799
3197	6573
3196	6422
1365	6377
3193	5498
3192	6459
3191	6264
3190	5810
479	6178
3199	6351
3198	6486
4026	6449
4027	6408
4024	5720
4025	6370
4023	6342
4020	6370
4021	6414
4028	6084
3999	5870
3998	6412
3997	6387
3995	6498
3992	6200
3991	6320
3990	5957
298	6390
299	6419
296	6086
297	5553
294	5553
295	6442
292	6607
293	6310
290	6358
291	6329
581	6341
2442	6544
2443	6544
2440	6290
2441	6544
2446	6544
2447	6544
2444	6355
2445	6544
2448	6544
2449	6544
7867	6370
7866	6385
7865	6445
7864	6588
7863	6409
7862	6339
7861	6282
7860	6369
7869	6456
7868	6370
6378	6426
6379	6320
6371	6192
6374	6398
6375	6398
6376	4400
6377	6546
4142	6308
1436	6196
5406	5621
5405	6655
1435	4579
3395	6314
3394	6352
1623	6384
1622	6438
1621	6405
1620	6406
1995	6392
1626	6464
1625	6575
1996	6384
1629	6457
1628	6470
3209	6354
3208	6378
3398	6314
3535	6516
2860	6302
2861	6406
2862	6507
2863	6424
559	6440
558	6385
2866	6351
2867	6246
555	6481
554	6488
557	6385
556	6299
551	4906
550	6382
553	6104
552	6307
3539	6397
5055	6426
1439	6396
1199	6483
1198	6149
3348	6233
3349	6393
1191	6178
1190	6373
1193	6273
3341	6448
1195	6283
1194	6266
1197	6524
1196	6266
4259	6424
4251	6328
4250	6463
4252	6341
4255	6362
4254	5178
4257	6579
4256	6433
5533	5773
5532	6079
5531	6185
5530	6017
5537	6441
5536	6258
5535	6441
5534	6334
5539	5820
4263	6424
7204	5319
6572	6350
6573	6350
6570	6328
6571	4733
6576	6367
6577	6462
6574	6367
6575	6367
6578	6359
6579	6359
7694	6363
7695	6360
7696	6541
7697	6231
7690	4420
7691	5763
451	4995
7698	6271
7699	6271
3834	6510
3835	6135
3836	6510
3837	6510
3830	6478
3832	5840
3833	6584
1344	6272
6225	4363
3839	6441
1345	6273
3207	6015
456	6266
379	6353
378	6299
7520	6190
7527	6280
7524	6227
7525	6227
371	6384
370	6496
373	6374
372	6447
375	6400
374	6493
377	6400
376	6301
6143	6283
6142	6283
6141	6283
6147	6283
6146	6468
6145	6283
6144	6283
6149	4637
6148	6283
8110	6276
8111	5879
3204	6497
8114	5859
6922	6326
2274	6325
2277	5168
2276	6278
2270	6488
2273	6488
2272	6146
2278	5936
5543	6326
3201	5442
2051	6332
2050	6366
2053	6303
2052	6474
4538	6271
2054	6497
2057	6417
4829	6441
2059	6015
2058	6417
4536	6223
4825	6397
4530	6425
4531	6410
4532	6502
4821	6295
7980	5884
7985	6229
7986	6301
7326	6410
3783	6389
7320	6267
7321	6352
7323	4828
7329	6467
7065	4258
7064	4544
7063	6400
7062	6006
7061	6383
7060	5173
3786	5965
6961	6292
6960	6282
6963	6282
6962	6282
6965	5185
6967	4914
8159	6145
6969	6048
6968	6048
8155	6250
8152	6497
8153	6413
8150	6417
5899	6415
414	6564
415	6501
416	6286
417	6455
1388	6509
411	6438
412	6407
413	6438
1384	6518
1385	6337
1386	6423
1387	6426
418	6390
1381	6360
1382	6491
1383	6507
8107	6365
1775	6474
1774	6453
1777	6474
1770	4859
5273	6334
6688	6355
6689	6355
6680	4813
6681	6018
6682	4556
6683	6209
6684	6141
6685	4353
6686	4593
6687	4603
2428	4816
2429	5763
2420	5996
2422	5514
2423	4625
2424	6339
2425	4971
2426	5509
2427	6405
7849	6492
7848	5419
7845	6357
7844	6246
7841	6361
7840	5271
7843	6362
7842	6375
6356	6321
6355	6209
6350	6466
6351	5712
6359	6333
3461	5783
3460	6341
1814	6404
1816	6370
1810	6428
1811	6428
1812	6282
1813	6342
1819	5150
4952	6515
4953	6400
8109	6276
2167	6429
1609	6528
1608	6289
3229	5964
3228	6479
1979	6415
1978	6412
1977	6527
1976	6383
1975	6412
3226	6479
1973	6502
1972	6349
1607	6266
1970	6357
2163	5485
8108	5859
2848	6421
2849	6421
2846	6421
2847	6421
2844	6018
2845	6436
2842	6089
2843	6306
2840	6286
2841	5962
5476	6401
5477	6418
5474	6474
3323	6476
3324	5826
3325	6283
3326	6409
5471	4911
5478	6417
5479	6179
5519	6328
5518	6328
5511	6251
3038	6179
5513	5012
5512	6410
5515	6135
5514	4821
5517	6328
5516	6387
3034	6394
534	6126
532	4720
531	4838
530	6341
539	6378
538	6446
1908	6392
1909	6392
1906	6392
1907	6392
3296	6266
6518	6418
6519	6408
1905	6392
6510	6354
1902	6474
6513	6439
6514	6439
6515	6439
6516	6179
6517	6431
1900	6352
1901	6352
3812	6271
3813	6321
3810	6343
3811	5177
3816	4830
3817	5868
3814	6471
3815	6473
3819	6498
7549	5860
7540	5234
7544	6386
7545	6214
7546	6033
6169	6393
6168	6384
6161	5287
6160	5977
6162	4697
6165	6504
6164	6046
6166	6356
2213	6408
2212	6408
2211	6414
2210	6303
2217	6511
2216	6428
2215	6200
2214	6381
2219	6450
2218	6450
4510	6602
4511	6065
4516	6288
5289	6334
5288	6427
5281	6427
5280	6427
5283	6235
5282	6535
5285	6336
5284	6364
5287	5801
5286	6437
7302	6381
7300	6391
7301	6391
7306	5653
7304	6076
7305	6100
7309	6242
7045	6568
7044	6586
7047	6378
7046	6492
7041	4954
7040	6262
7043	6513
7042	4954
7049	6622
7048	6013
6987	5467
6986	6435
6985	5597
6984	6185
6983	6226
6982	5355
6981	6324
6980	6446
8023	6400
2989	6251
2988	6394
2983	6230
2982	6213
2981	6384
2980	6251
2987	6348
2986	6443
2985	6468
1018	6408
1019	6464
1014	6405
1016	5886
1017	6464
1010	6517
1011	6470
1012	4466
1013	6196
4358	6372
4359	5342
4354	6324
4355	6321
3310	6425
4357	6385
4351	5952
4352	6506
4353	6360
438	6523
439	6400
436	6179
437	6179
434	6532
435	5991
432	6462
433	6428
430	6365
431	6422
5708	6444
5709	5769
5704	6394
5705	5066
5706	5521
5707	6439
5702	6557
5703	6485
1437	6321
8025	5695
1434	6431
2465	5128
2463	5128
1050	5319
5356	6282
1052	6506
1430	6555
7829	6580
1053	6483
7822	6458
7821	6458
7827	6455
7826	5673
1055	6034
3400	6314
1431	6428
1832	6441
1833	6094
1830	6430
1831	6430
1836	6464
3798	6377
1834	6495
1835	6363
3795	6405
3794	6321
1838	6389
3796	6336
3791	5847
3792	6387
4981	6409
4980	6305
4983	6414
2157	6558
4985	6410
2151	6376
2400	6488
4986	6343
4989	6224
4988	6252
2159	5960
2409	4949
1955	5744
1956	6501
1951	6436
1950	5623
1953	6406
1952	6429
1959	6398
1958	6398
3249	6546
3248	6444
3243	6149
3242	6014
3241	6149
3240	6149
3247	6193
3246	6420
1990	6506
4925	5706
1993	6479
1483	6417
1482	6448
1481	6366
1480	6410
1487	6353
5499	5876
1485	5659
1484	6366
3306	6210
3307	6501
5496	6339
5497	6339
3302	6501
5491	6339
3300	6527
3301	5901
1992	6456
612	6452
613	6452
610	4960
1273	5314
1274	5314
1275	5314
2060	6414
614	6314
2061	6476
615	6471
2790	6246
2063	6321
1994	6384
2064	6309
2065	6314
519	6258
2066	6501
511	6528
513	6223
515	5780
514	6282
517	6224
516	6224
1227	6357
622	6278
621	5804
1224	6357
1223	6357
1222	6413
1221	6404
624	6374
628	6348
1229	6357
1228	6224
6536	6417
6537	6476
6534	5720
6535	5720
6532	5413
6533	5720
8297	6058
8296	5272
6538	6160
6539	6152
3878	6061
3870	6426
3871	6429
3872	6432
3873	6389
3875	5186
3876	6382
3877	6420
7567	4425
7564	5780
7565	6284
7563	6354
7561	6392
7569	4549
4166	6459
4165	6459
4164	6361
4163	6462
4162	6401
4169	6491
2239	6372
2238	6459
2231	6322
2230	6259
2233	6407
2232	6295
2235	6466
2234	5825
2237	6352
2236	6386
5937	6430
5936	6203
5935	6372
5934	6364
5933	6369
5932	6281
5931	4506
5930	6314
5939	6516
5938	6473
2185	6098
3498	6281
3499	6131
3496	6534
3497	6084
3494	6084
3495	6128
3492	6225
3493	6084
3490	6362
3491	6119
2095	6536
2094	6544
2097	6436
2096	6246
2091	6459
2090	6536
4576	6354
2092	6413
4578	6408
2099	6293
4604	6390
4605	4206
3333	6518
7362	5529
7363	6347
7365	5749
3	6362
7023	5663
7022	6363
7021	6356
7020	6463
7027	6363
7026	6214
7025	6363
7024	6455
7029	6369
7028	6363
3331	6502
7594	6317
7799	4534
7791	5836
7790	6415
7792	6530
7795	6541
7797	5241
7796	4966
1038	6428
1039	6365
1032	6407
1033	6405
1030	6413
1031	6474
1037	5732
1034	6420
1035	6539
4378	6503
4379	6249
4372	6245
4373	6137
4370	6137
4371	6361
3335	5870
4377	6438
4375	6273
3334	6322
4080	6334
4082	6483
4083	6207
4085	6330
4086	4730
4088	5678
4089	6386
5729	6317
5722	6557
5720	6402
5721	6334
5726	5257
8084	6400
8085	6531
8086	6400
8087	6400
8080	6547
8081	6547
8083	6547
8088	6364
8089	6023
6648	6292
6649	6423
6644	6293
6645	6427
6646	6265
6647	6293
6641	4909
6643	6204
7801	6249
7800	6249
7803	6249
7802	6249
7805	6070
7804	6070
7806	6418
7809	6423
7808	6351
6398	6453
6399	5771
6392	6441
6393	6441
6391	6441
6396	6441
6397	6441
6394	6428
6395	6441
2396	5860
2397	6492
2394	5860
2395	5860
2392	5860
2393	6553
2390	6453
2391	6492
2398	6190
2399	6439
1858	6493
3841	6204
3840	6432
1852	6116
1853	6116
1855	6502
1856	6446
1857	6450
2172	6219
2173	6287
2170	6252
2171	6350
2176	5635
2177	6186
2174	6462
2175	6020
4967	6319
3845	6501
2178	6305
2179	6482
4963	6502
4962	6400
4960	6362
1421	6548
5694	5330
5430	6414
1933	6502
1932	6502
1931	6389
1930	6502
5128	4620
5129	4620
1935	5773
1934	6502
5124	6375
3268	6103
5126	6340
5127	4620
5120	5465
5121	6354
5122	6375
1424	6356
7944	6383
1427	6555
7945	6520
1426	6428
7946	6439
7940	6356
3366	6198
7941	6356
3367	6567
7942	6356
6886	6426
6884	6337
6885	6281
6883	6347
6880	6233
6881	6177
6889	6522
605	6406
604	6382
607	6377
606	5853
1209	6417
600	6227
602	6382
1205	6417
1204	6312
1207	6283
1206	6417
609	6437
608	6401
1203	6428
1202	6427
8106	6276
8277	6271
8101	6276
8275	5423
8274	6446
8273	6344
8272	6344
8271	5868
8100	6276
1353	6463
1351	6349
461	6421
460	6534
463	5695
462	6663
8265	6355
7588	5511
5554	5953
7585	6463
7586	6305
7587	6463
7580	5037
7581	6188
7583	5296
6951	6380
6481	6370
4149	6414
4148	6425
4145	6292
4144	6176
4147	6344
4146	6315
4141	6346
4140	6399
4143	6315
6955	6395
3856	4630
3854	6329
3855	6480
3850	6215
3851	6188
3858	6400
5919	6007
5915	6504
5914	6303
5917	6165
5916	6333
5911	5513
5910	4258
5913	6256
4558	4921
4556	6277
4557	5931
4554	5931
4555	6277
4552	5092
4553	6180
4550	6298
4551	6479
6077	5084
6075	6367
6074	6398
6073	6398
6072	6224
6071	5579
6070	5704
6079	6443
6078	5084
2617	6332
2616	6521
2615	6519
2614	6506
2613	6030
2612	6372
2611	6291
2610	6521
2619	6490
2618	6257
7347	6401
7344	6371
7345	5851
7342	6450
7343	6326
7341	6386
7348	6414
7349	6401
1187	6207
7009	6363
7008	6363
7001	6363
7000	6363
7003	6363
7002	6450
7005	6349
7004	6363
7007	6363
7006	6363
1184	6115
741	6072
742	6428
743	6289
744	6375
745	6385
746	6368
748	6406
749	6434
5426	5324
2949	6334
2948	6452
2947	6235
2946	6174
2945	6174
2944	6174
2941	6169
2940	6374
5357	6282
1051	6426
5355	6351
5354	5193
5353	6341
5352	6142
5351	4995
5350	5404
1058	6293
1059	6386
5358	6282
4310	6187
4311	5662
4312	6283
4313	6245
4314	6225
4315	6325
4316	6366
4317	6360
4318	6346
4319	6353
1180	5491
3119	6530
3118	6254
3117	6454
3115	4737
3114	6403
3113	6454
3112	6454
3111	6398
3110	6361
5740	5585
5741	5932
5743	6396
5744	6369
5745	4800
5746	6204
5747	6230
5748	6204
5749	6382
5267	6127
5264	6055
5263	6409
5262	6288
5261	6462
5260	5866
6668	4488
6663	5192
6660	6413
6661	5912
6666	6472
6665	6383
7	6319
2134	6441
2135	6348
2378	6175
2379	6424
2374	6473
2375	6421
2376	6429
2370	6632
2371	6411
2372	6288
2373	6353
1876	5656
1874	5487
1875	6239
1872	6251
1873	6378
1870	6378
1871	6378
2133	6320
1879	6460
4945	4832
4944	6327
4947	6479
4946	5526
4940	6344
4943	6401
4942	5478
4948	6291
2118	6402
2119	6424
2130	6339
2110	6336
2111	6198
2112	5409
2113	5996
2114	6510
2115	6306
2116	6537
2117	6347
1919	6447
1918	6440
5109	6500
2131	6379
3288	6467
1911	6392
5103	6398
1913	6392
3284	6342
1915	6049
3282	6377
5104	6372
5105	6318
883	6102
882	6440
881	6389
880	6389
887	6387
886	6098
885	6441
889	6459
888	6459
5245	4975
7505	6468
7506	5522
5792	4436
7501	6334
7502	6479
7503	6334
6869	6408
6864	6380
6865	6488
6866	6470
6867	6318
6860	6338
6861	6444
6862	6387
6863	6281
8255	6376
8254	6376
1269	4638
8256	6376
8251	6354
669	6291
668	6413
667	6414
1262	6399
1261	6293
664	5991
663	6333
662	6290
661	6551
1264	6395
5102	5861
5100	6414
1912	6368
7618	6355
7619	6145
7614	6493
5106	6318
7616	6250
7617	6250
7610	6341
7611	4657
1914	6287
421	6402
1917	6450
1916	6450
4129	6303
4128	6466
4123	6469
4122	6315
4121	6276
4120	6290
4127	6350
4126	6337
4125	6302
4124	6226
5689	6317
5688	5518
5685	5518
5684	6378
5687	5518
5686	6017
5680	6398
5683	6356
5682	6314
5978	6281
5973	5885
5972	5028
5977	5494
5368	5461
2587	6512
2586	6602
2585	6302
2584	6512
2583	6523
2582	6512
2581	6512
2580	6526
2589	5232
280	6406
6059	5361
6058	5361
6055	5068
6054	5052
6057	5361
6056	5361
6051	6187
6050	6187
6053	6187
6052	6187
2639	5986
2638	5356
2635	6456
2634	5986
2637	6456
2636	6456
2631	6543
2630	6442
2633	6456
2632	5083
3544	6530
3545	6344
3547	5681
3540	6352
3541	6325
3542	6407
3543	6458
3548	6098
3549	4592
2965	6470
2964	6357
2967	6330
2966	6500
2961	6493
2960	6493
2963	6493
2962	6493
762	6308
763	6265
760	6313
761	6466
2969	6308
2968	6389
764	6454
765	6563
5378	6259
1078	6223
1079	6431
5375	5522
1535	6266
5377	6496
1075	6221
1072	6450
5370	5522
1070	6450
1071	6450
5583	6353
4338	6204
4336	6328
4337	6328
4334	6328
4335	6399
4332	5504
4333	6266
4331	5395
3135	4716
5182	6405
3137	6333
3136	6464
3131	6464
3130	6371
3133	6464
3132	6020
3138	4613
1533	3945
5183	6336
1532	6118
5180	6485
5768	6319
5769	6504
5764	6375
5765	6375
5763	6297
5760	6303
5761	6491
1531	6340
8192	6440
8193	6335
5186	6347
6435	4844
8197	6364
8194	6440
5187	6303
8195	6440
2978	6242
7427	6069
7426	6225
7425	6426
2979	6245
7423	5551
7422	6482
7421	6426
7420	6373
2250	6698
7429	6069
7428	5840
5184	6437
6600	6384
6601	6384
6602	6384
6603	6384
6604	6384
6605	6474
6606	5031
6607	6098
6608	6327
6609	6253
5185	6405
2974	6198
2975	6374
1043	6379
1042	6247
5360	5970
5361	6381
5366	6319
5367	6300
5364	5164
5365	6300
2359	6406
2352	6464
2353	6474
2350	6448
2351	6474
2356	6477
2357	6409
2354	5036
2355	5491
1899	6543
3737	5527
1895	6486
3735	5068
1897	6265
3733	5771
1891	6326
3731	6395
3730	6352
2136	6420
4922	5980
4693	6671
4920	6324
4695	6374
4694	6374
4697	6374
4696	6374
4699	6374
4698	6374
4929	6418
2138	6411
2139	6442
5160	6456
2785	6496
5162	6297
5163	6297
5164	6533
5166	6372
4801	6411
2786	6568
2781	5253
2780	6233
2783	6496
2782	6496
1268	4638
8253	6376
8252	6376
666	6440
665	6361
1799	6472
1798	6299
1793	6317
1267	6479
1791	6372
1790	6464
1797	6299
1796	6426
1795	6336
1794	5827
6848	5060
6842	6381
6843	6381
6840	5836
6841	6319
6846	6567
6847	5712
6844	6381
6845	6572
6590	5619
8232	6259
6592	5048
6594	6374
6595	6387
6596	5985
6598	6471
6599	6457
8238	6214
7638	6176
7639	6176
7632	6319
7630	4914
7636	5499
7637	6358
7634	4493
1241	6395
3093	6428
3090	6501
3091	6394
3096	6516
3097	5721
3094	6309
1530	6366
649	5872
648	5454
3098	6246
3099	6428
5346	6429
1539	6283
1538	6253
4100	4764
4103	6460
4105	6243
4104	6278
4107	6243
4106	6243
4109	6169
4108	6169
7613	4657
3898	6410
3892	6415
3893	5118
3890	6533
3891	6415
3896	5692
3897	6364
3894	5019
3895	5692
5950	5157
5952	6518
5955	4754
5956	5265
5959	6349
5958	6386
6039	6286
6038	6454
6033	6281
6032	6419
6031	6482
6030	6281
6037	4796
6036	4796
6035	6281
6034	6281
2659	6419
2658	6229
2653	6451
2652	4473
2651	6213
2650	5348
2657	6316
2656	6282
2655	6280
3039	6297
7389	6336
7382	6202
7383	6430
7380	6533
7381	6343
7386	6213
7387	6073
3562	6393
3563	6255
3560	6270
3561	6375
3566	6285
3567	6232
3564	6303
3565	6285
3568	6362
3569	4656
4485	6389
4486	6208
4487	6077
4480	5216
4481	4878
4482	6316
4483	6364
2489	6450
4488	6388
4489	6125
2903	6195
2902	5947
2901	5632
2900	6487
708	6346
709	6375
2905	6395
3035	6526
704	6318
705	6424
706	6252
707	6364
700	6380
701	6380
703	5326
5313	6500
5312	5745
5311	5499
5310	5295
5317	6138
5316	6568
5315	6355
5314	6355
1630	6425
1631	6387
1984	5460
3153	6364
3152	6119
3151	6119
3150	6368
3156	6410
3155	5786
3154	6364
1982	6364
3159	6263
3158	6294
1983	6341
1636	5442
1637	6594
1260	3984
1266	4948
2481	6356
7409	6477
7405	6427
7404	6392
7407	6208
7401	6561
7400	6437
7403	6392
7402	6470
568	6407
569	6407
6628	5562
6626	6462
6627	6091
6624	6262
6625	6463
6622	6399
6623	5751
6620	6357
6621	4880
564	6401
565	5886
4714	6287
4715	6365
4716	6370
4717	6470
4710	6427
4711	6374
4712	6368
4713	6451
2338	6487
2339	6482
4718	6457
4719	6370
3715	6394
3714	6594
3717	5109
3711	4425
3713	4425
3712	4425
3719	6281
3718	6405
8189	6393
4909	6330
4908	6276
2488	6298
4678	5115
4901	6426
4900	6429
4903	5980
4674	6044
4673	6380
4904	5980
4671	6495
4670	6329
5148	6407
5146	4957
5144	6399
5145	5419
5142	6388
5143	6423
5140	6359
5141	4932
120	5945
121	6423
122	6178
123	6233
124	6280
125	6477
126	5762
127	6069
128	6036
129	6541
7957	4403
1188	6506
7956	6377
1189	6373
7955	6377
1186	6553
7222	5635
3376	5232
7953	6352
3375	6428
7952	5712
3374	6467
3373	6453
7950	6514
3371	6556
1181	5491
7246	5639
7245	6213
7243	5526
7241	6501
7240	6414
6821	6319
6822	6366
6824	5026
6826	5142
6828	6451
6829	6476
8219	6384
8170	6447
8171	6475
8211	6551
8213	6364
8212	6378
8215	6367
8172	6447
8216	6367
7650	6389
7651	6431
7652	5649
8173	6506
7658	4528
7659	6530
8175	6246
8177	6476
1519	6407
1518	6388
3392	6431
1515	6383
1514	6509
1517	6383
1516	6383
1511	4321
1510	5427
1513	6540
1512	5174
3397	6393
3396	6450
263	6137
261	6399
260	6404
267	6454
266	6427
265	6335
264	6454
269	5857
268	6454
6010	4550
6013	6471
6015	6471
6014	6325
6017	6538
6016	6519
6019	6325
6018	6325
988	6228
989	6332
982	6366
983	5011
980	6086
981	6326
986	6185
987	6403
984	6007
985	6412
4876	6434
1389	6426
3508	5889
3509	5195
5089	6344
5088	6340
5083	6460
5081	6269
5080	6556
5087	6340
5086	6340
5085	6469
5084	6460
2671	5047
2670	5621
2673	5047
2672	6041
2675	6456
2674	6378
2677	6364
2676	5462
2679	5306
2678	5125
2929	6315
2928	5590
2921	6286
2923	6432
2922	6435
2925	6317
2924	6442
2926	5953
5330	6063
5333	6419
5332	6490
5335	6457
5334	6290
5337	6361
5336	6069
1208	6417
2037	6425
3171	5930
3173	6478
3172	6376
3175	6302
3174	6411
3176	6326
726	6466
727	5892
724	6598
725	6359
722	6098
723	6352
720	6418
721	4917
728	6351
729	6382
1164	6406
1165	6426
1166	5616
1167	6183
1160	6540
1161	6114
1168	6367
1169	6168
472	6416
473	6259
1362	6324
477	5266
1713	6555
1360	6369
1712	6555
2033	5934
1711	5879
1710	6311
8009	6387
2784	6496
8006	6468
8007	5693
8000	6216
8001	6216
8002	6216
1715	6290
2032	6361
5255	5789
7469	6429
7468	6429
1368	5465
3728	6093
7461	6405
1369	6403
1864	6275
1869	6342
1868	6438
2030	6361
4931	6312
4932	6290
4934	6250
4935	6399
4733	6472
4736	6477
4737	6463
2318	6119
2319	6343
2316	6128
2317	6119
2314	6409
2315	5848
2312	5848
2313	5848
2310	5848
2311	5848
5854	6398
5855	6361
5856	6355
5857	6224
5850	5949
5852	6398
5853	6398
5859	6499
3772	4625
3771	6503
3770	5465
3777	6502
3776	4459
3775	6482
3774	4459
3779	6327
4655	5959
4654	6027
4651	6327
4650	4622
4653	6305
4652	6454
4659	6326
4658	5767
7889	6435
7888	6435
7881	5487
7883	6421
7882	6421
7885	6377
7884	6471
7887	6435
7886	6435
108	5810
109	6299
102	6579
103	6332
100	6260
101	6498
106	6337
107	6518
104	5881
105	6259
7517	6368
7269	6302
7268	6302
7265	6302
7267	6302
7266	6564
7260	6332
7262	5859
6204	5022
6205	5670
6206	5670
6207	5976
6200	5970
6201	6020
6202	5959
6203	5670
7513	6408
6208	6043
7512	6390
7511	6398
6808	6230
6809	5022
6806	4915
6807	5022
6804	6336
7510	6435
6802	6306
6803	6311
6800	6384
6801	6497
7678	6412
7679	6441
7676	6508
7677	6401
7675	5866
7672	5247
7673	4521
7670	6370
1759	6498
1758	6546
1757	6037
1756	6342
1755	6546
1754	6379
1753	6546
1752	6426
1751	5833
1285	6411
1284	6412
1287	5420
1286	6387
1281	6389
1280	6340
1282	6292
1579	6433
1578	6433
689	6207
688	6527
1573	6454
684	6404
1571	6439
686	5914
681	6411
1576	6453
1575	6338
1574	6338
1240	5043
5629	6048
5628	6048
5627	6363
5626	6383
5625	6295
5624	6384
5623	4371
5622	6349
5620	5816
1242	6430
5995	6183
5994	6418
5997	6299
5991	4970
5990	6338
5993	5994
5992	6418
5999	6394
5998	6326
4677	5118
6781	6090
6780	6400
6783	6364
6782	6398
6784	6302
6787	6323
6789	6347
6788	6323
1246	6368
7498	5257
245	5924
244	6344
247	5711
246	5879
241	6378
240	6270
243	6338
242	5917
249	6258
248	4995
7490	6574
7491	4866
3698	5921
1366	6221
3690	6391
3691	6326
3692	5851
3693	5921
3694	5921
3695	5921
3696	5921
3697	5921
1367	6070
3526	6301
3527	6164
3524	6366
3525	6497
3522	6326
3523	6370
3520	6274
3521	6365
5884	6395
3528	6266
3529	6366
338	6473
2699	6204
2698	5792
2697	6437
2696	6405
2695	6346
2694	6383
2693	6265
2692	6470
2691	6325
2690	6356
2153	6467
1361	5547
1142	5959
1143	6476
1140	5637
1141	6408
1146	6333
1147	6384
1144	6337
1145	6455
1148	6101
768	6250
769	6203
336	6326
7199	6410
7198	6359
7193	6427
7192	6427
7197	6496
766	6218
13	6354
767	6227
8028	5699
1627	5150
15	6169
8020	5439
8021	6221
8027	5699
8024	5113
14	5714
7441	6674
7440	5257
7443	6420
7442	5838
7445	6384
7444	6413
7447	6384
7446	6384
7449	5974
7448	4382
2267	6488
8184	6048
8187	6367
8186	5115
4282	6401
4283	6433
4280	5751
4284	6433
4285	6440
4289	6471
381	6469
382	6338
383	5989
384	6338
386	6306
387	6178
388	6169
389	6311
4759	5960
4750	6363
4751	6318
4752	6412
4753	6412
4754	4489
4755	6433
4756	6282
4757	6506
5872	6560
5873	6504
5871	6299
5876	6476
5877	6460
5874	6476
5875	6476
5878	6476
1074	6397
3759	6316
3758	6316
5376	6496
3751	6355
3750	6269
3753	6164
3752	6418
3755	6136
3754	6318
3757	6316
4633	6471
2191	6250
4631	5220
4630	5890
2194	6352
2195	5080
2196	6460
2197	6341
2198	6465
2199	6465
4639	5505
4638	5505
4811	6388
4810	6388
168	6357
169	6365
164	6369
165	6493
166	6041
167	5575
160	6363
161	6387
162	6523
163	6355
4815	5732
4814	6354
6196	5764
6197	5890
6190	6173
6191	6169
6192	6226
6193	6169
6198	6270
6199	5670
2734	6403
2736	5926
2737	6334
2730	6201
2731	6403
2733	6443
2738	6268
2739	6108
1106	6147
678	4316
8225	5081
7203	6289
7201	4998
7206	5663
7205	5663
1107	6314
6222	6288
6223	6329
6220	6388
6221	6270
6226	4372
6227	6403
6224	5124
8229	6143
6228	6221
6229	6221
3134	6464
808	6318
803	6452
802	6439
801	6499
800	6350
807	6316
806	6316
805	6294
804	6536
5274	5807
5275	6402
5276	6152
5277	6325
1771	4984
5271	5747
1773	4556
1772	6287
5278	6325
1778	6562
1100	5861
1551	6320
1550	6417
1553	6118
1552	5966
1555	6362
1554	6425
1557	4674
1556	6371
1559	5838
1558	5838
3036	6399
3037	5983
3030	6502
3031	6408
3032	6314
3033	6416
5605	6413
5604	6242
5607	6190
5606	6342
5601	5857
5600	6308
5603	6194
5602	5698
5609	6190
5608	6420
6424	4753
6426	6372
6427	4962
6421	6009
6422	6105
6423	5427
6428	6382
6429	4820
6769	6125
6768	6228
6767	6613
6766	6360
6765	5594
6764	6446
6762	5438
6761	5552
6760	5249
228	6431
227	6355
226	5993
225	6307
224	6437
223	6049
222	6059
221	6340
1192	5556
2509	6248
2508	6523
2507	6337
2506	6434
2505	6363
2504	6288
2503	6343
2502	6134
2501	5752
2500	6119
5048	6581
5047	6226
5046	6370
5045	5033
5044	5791
5043	5859
5040	6481
1256	6486
1257	6486
1526	6519
1527	4725
1252	6505
1521	6508
1991	6418
1522	6029
3206	6015
3205	4102
5181	6518
3203	6497
3202	6279
1997	6441
3200	5868
5188	6381
1128	6511
1129	6007
5189	6245
1120	6457
1123	6457
1124	6410
1125	6300
1126	6439
1127	6533
8040	6383
8041	6411
8042	6383
8043	5597
8044	6324
8045	6320
8046	6523
8047	6596
8048	6293
8049	6343
2864	6406
2865	6434
2868	6047
2869	6047
4776	5702
4777	5421
4774	6490
4773	5702
4771	5845
4778	4995
4779	5673
5818	6342
5819	6297
5810	6289
5811	6247
5812	6343
5813	6470
5814	6210
5815	6467
5816	6094
5817	5763
4619	4606
4618	6375
4611	6176
4613	6376
4612	6376
4615	6366
4617	6366
4616	6438
2705	5508
7424	6445
2704	6428
2707	6366
146	6365
147	6365
144	5535
145	6279
142	5944
143	6351
140	6390
141	6358
2701	6312
149	6390
4886	4755
4887	5474
3092	6310
3342	6448
3343	6364
3340	6259
2713	6346
2711	5582
2716	6518
2717	6518
2715	6507
3346	6361
2718	6518
2719	6335
5455	6393
7221	6003
7220	6344
7223	6383
7954	6377
7225	6227
3344	6448
7227	6430
7226	6435
7229	6374
7228	4847
3345	6417
7959	6415
6248	6477
6240	6389
6241	6381
6242	6394
6243	6336
6244	5886
6245	4391
6246	6329
6247	6342
3370	5904
829	5129
7615	6250
825	6256
824	5990
827	5597
826	6357
821	6413
820	6430
823	6388
822	6413
8163	6425
8161	6425
8167	6391
5252	6210
5253	5349
5250	6031
5251	5349
1717	6378
1716	5914
5254	6293
1714	6428
1719	6315
1718	6290
3018	6314
3019	6366
3012	6352
3013	6352
3010	6394
3011	6402
3016	6326
3017	6317
3014	6366
3015	6344
4189	5675
4188	5591
4181	5753
4180	5753
4183	5403
4185	6273
4184	6273
4187	6298
4186	6287
5663	4913
5662	6537
5661	6392
5660	6357
5667	6475
5666	6249
5665	5305
5664	5745
5669	5868
5668	6287
11	6214
10	6406
6400	6441
12	6258
6406	6418
6407	5669
17	6317
16	6265
19	6327
18	6517
6408	6300
6409	4834
8181	6476
8180	6476
8183	6476
8182	6476
7765	5649
7766	6584
7767	6443
7760	6366
7761	6366
7762	6366
7763	6366
7768	6477
7769	6531
3904	6336
3905	6417
3906	6336
3907	6336
3900	6358
3901	6381
3902	6278
3903	6381
3908	5288
3909	6399
6745	6268
6744	6270
6747	6110
6746	6420
6749	5502
201	6462
200	6047
203	6139
202	6012
205	6308
204	6464
207	6047
206	6047
209	6438
208	6110
831	6448
836	6385
837	6431
835	6372
2747	6490
3658	6476
3659	6368
3654	6408
3655	6519
3656	6330
3657	6265
3650	6445
3651	6486
3652	6486
3653	6254
2524	6211
2527	6507
2526	6553
2521	6553
2520	6553
2523	6443
2522	6553
2529	6553
2528	6553
5065	6371
5064	6104
5067	6478
5061	6322
5060	6397
5063	6486
5062	6486
5069	6464
5068	6454
4408	6106
4409	6573
4404	4959
4405	6337
4406	6209
4407	6337
4400	6415
4401	6302
4402	5799
4403	5172
928	6280
929	6297
920	6131
921	6330
922	6357
923	5191
924	5191
926	6323
927	5093
5393	6098
5392	6285
5391	5471
5390	6674
5397	6363
5396	6376
5395	6339
5399	6512
5398	6371
7451	6405
784	6293
785	6101
786	5952
787	5575
780	6097
781	6318
782	6388
783	6101
788	5933
789	6130
6915	6131
7159	6203
1370	6403
7157	6203
7156	6203
7155	6203
7154	6203
7153	6533
1373	6346
7151	5633
7150	6464
404	6551
403	6480
1374	6108
401	6438
8068	4348
8069	6440
8066	5634
8064	6231
1376	6491
8062	6231
8063	6387
8060	6456
8061	6289
7485	6410
7484	6498
7487	6410
7486	6410
7481	6401
7480	6401
7483	6336
7482	6336
2899	6462
2898	6416
2895	6544
2894	6544
2896	5128
2891	6544
2890	6544
2893	6544
2892	6544
1454	6437
1455	6437
1104	6314
1457	6400
1450	6555
1103	6447
1452	6516
1453	6516
1458	6437
1724	6398
1108	6314
1109	6314
1725	6398
5241	6711
5240	5939
1894	6486
5243	6328
5242	4975
1896	6443
1890	6502
1837	6001
1892	6275
1893	6426
4923	5895
2137	6420
4921	6276
4692	6374
4798	6320
4799	6050
4794	6337
2132	6379
4796	6337
4797	6504
4790	6337
4791	5720
4792	6428
4926	6254
5836	6468
5837	6380
5834	6446
5835	6390
5832	4470
5833	6380
5830	4773
4924	6231
5838	4595
5839	6361
8128	6306
4	6134
3004	6132
2778	6104
2779	5253
4899	6343
4898	6435
5161	6297
2770	6213
2771	5198
2772	6493
4890	6387
2774	6466
2775	6485
2776	6295
2777	6295
7979	6390
7978	6390
7975	6390
7974	6390
7976	6390
7970	6226
7522	6227
6264	6369
6265	6369
6262	6369
6263	6611
6261	5384
5167	6167
6269	5612
1589	6456
7528	6280
847	6206
3466	6137
845	6206
844	6310
843	6310
842	6185
841	5660
840	6514
7158	6203
849	6448
848	6520
1583	6398
4905	6276
2407	6247
1585	6436
1739	6483
1738	6471
1731	5483
1730	6214
1733	6295
5233	6202
1735	6467
1734	6398
1737	6429
1736	6483
2404	6495
3070	6497
3071	6399
1597	6427
1596	6213
3074	6399
1590	6373
1593	6373
1592	6493
3078	6336
1599	6644
2402	6488
5649	6339
5648	6402
5640	6034
5643	6015
5645	5421
5644	6430
5647	5884
5646	6327
8065	6231
450	4995
4826	6389
489	6198
488	6321
486	4128
481	6201
480	6201
6468	4753
6469	6456
6460	6359
6461	6270
6462	5402
6464	5217
4827	6389
6466	4753
6467	6509
7742	6446
7743	6141
7740	6631
7741	6537
7747	6282
7744	6459
7745	6407
3922	5605
3923	6516
3920	6417
3921	5362
3926	6530
3927	6523
3924	6374
3925	6492
3928	6390
3929	6440
6723	5840
6721	5080
6720	6298
6727	6377
6726	6134
6725	5885
6724	5160
6729	6383
6728	6377
453	5325
6098	6386
6091	6357
6093	6474
6092	6357
6094	5844
6097	6346
6096	6269
3678	6318
3679	6366
3673	6250
3670	6331
3671	5222
3676	6490
3677	6380
3674	6487
3675	6490
2543	6288
2542	6391
2541	6280
2540	5491
2547	6334
2546	6378
2545	6455
2544	6336
2549	6421
2548	6477
1456	6437
1105	6138
1102	6267
1451	6626
5003	6478
5002	6377
3582	6460
3583	6420
3584	6460
3585	6420
3586	6338
3587	6460
3589	6465
5009	6378
1101	5595
902	6175
903	5410
900	6399
4429	6266
906	5139
907	6483
904	6365
905	6238
4422	6261
4423	4968
908	6410
909	6365
4426	6293
4427	6108
4424	6433
1459	6437
3291	6389
3293	6406
7175	6240
7174	6190
7177	6190
7176	6281
7171	6455
7170	6392
7173	6322
7172	6437
7179	6434
7178	6188
2916	6385
718	6418
1696	6378
1697	6332
1694	6310
1695	6310
1692	6451
1693	6480
1690	6538
1691	6442
1698	6310
1699	6310
1472	4990
1473	6375
1470	6215
1471	6154
1476	6406
1474	6327
1478	5360
4228	6484
4229	6521
4224	5804
4225	5231
4220	6108
4221	6368
4222	6284
4223	6223
24	6234
5587	6441
5584	6344
27	6268
20	6265
21	6459
5580	6265
23	6324
28	6307
29	6434
5588	5406
5589	6480
5309	5573
1061	6562
1060	5834
1062	6486
1064	6299
1067	6163
2288	6426
2289	6455
2280	6334
2281	6156
2282	6420
2283	6393
2285	6359
2286	6347
2287	6311
2055	6200
4539	5270
4828	6357
2056	6417
4534	6379
4535	6406
601	6335
4927	6174
4824	6330
8233	6259
4822	5463
8231	6259
4823	6430
7919	6650
4820	6486
4795	6331
7913	4999
7912	6456
7911	6456
7910	6514
7916	6431
7915	6427
7914	6369
6288	6499
8235	6105
6286	6361
6287	6499
6280	5721
6281	6457
6282	5431
182	6132
183	6462
180	6240
181	6421
187	6347
185	6619
188	6287
189	6406
869	6444
868	6398
652	6483
3449	6259
3448	6417
861	6383
860	6447
863	6459
3446	5485
3441	5768
3440	5447
867	6398
866	6299
2024	6361
2025	6361
2026	6361
2027	6361
2020	6361
2021	6361
2751	5412
2028	6350
2029	6387
2758	6752
2759	6483
5216	6292
5217	6509
5214	6114
5215	6114
5213	6114
5210	6231
5218	6380
5219	6380
3059	6400
3056	6071
3057	6293
3054	6071
3055	6282
3052	6071
3053	6367
3050	5629
3051	6071
8	6386
1317	6413
1316	6471
1315	6271
1314	6413
1313	4617
1312	6457
1311	6491
1310	6410
1319	6555
1318	6446
6914	6201
6447	5565
6444	6322
6917	5216
6910	6431
6911	6088
6912	6282
6913	6254
6918	6381
6448	4909
7728	6460
7729	6367
7720	6173
7721	6261
7724	5834
7726	6520
7727	6430
3948	5306
3949	6104
3941	6441
3942	5453
3943	6401
3944	6401
3945	6563
3946	5708
3947	6419
6709	5673
6701	6076
6700	6076
6703	4815
6702	6491
6705	6133
6707	5764
6706	5887
7534	5838
4057	6434
4056	6388
4055	6459
4053	6365
4051	5533
4050	5533
4059	6305
4058	6379
3610	6535
3611	6403
3613	4485
3614	6343
3615	6312
3616	4485
3617	5864
3618	6366
3619	6366
3842	6377
2569	6304
2568	5726
2561	6539
2560	6251
2563	6638
2562	5987
2565	6137
2564	6374
2567	6028
2566	4976
5029	6415
5028	6456
5020	5842
5022	6372
5024	6457
5026	6393
4440	6255
4441	6238
4442	6464
4443	6232
4444	6108
4445	6108
4446	6159
4447	6218
4448	6355
4449	6277
964	6344
965	5719
966	6226
967	6385
960	6472
961	6315
962	6374
963	6196
968	6384
969	6497
1537	6338
1536	6253
1243	6469
1534	6486
1245	6378
1244	6445
1247	6367
3095	5739
7327	6586
1248	6447
5199	6410
5198	6437
3234	5936
3235	5964
641	6224
5195	6551
5194	6511
1614	6330
1615	6222
1960	6398
640	6521
5190	6421
7113	6329
7112	6406
7111	6406
7110	4837
7117	6105
5193	6550
7115	6406
7114	6406
7119	6379
1963	6398
643	6320
1678	6173
1679	6393
1674	6377
1675	6546
1676	6448
1677	6528
1670	6010
1671	6386
1672	6368
642	6426
4498	5639
645	6226
1418	6291
1419	6449
1410	6363
1411	6174
1412	6363
1413	6458
1416	6410
644	6457
4208	6617
4209	5702
4202	6476
4203	6476
4200	6362
4201	6476
4206	6476
4207	5702
4204	6452
4205	6036
647	6485
5568	6318
5569	5842
5564	5068
5565	6399
5566	6245
5567	6318
5561	6509
5562	6288
5563	6509
646	6336
308	6423
309	6422
300	6286
301	6346
302	5705
303	6465
304	6420
305	6351
306	6476
307	6551
4893	6249
4891	5921
2773	6493
4897	4617
7415	6245
4896	5491
4894	6269
6118	6429
6119	6331
6114	6521
6116	6322
6110	4932
6111	5134
6112	6411
6113	6411
7283	6370
7282	6317
7281	6540
7280	6409
7287	6370
7286	6370
7285	6370
7284	6317
7939	6356
7938	6523
7289	4540
476	5266
3429	5421
3423	6084
3422	6415
3427	6084
3426	6084
3425	6107
3424	6084
2002	5079
2003	6199
2000	6448
2001	6340
4588	5894
4859	6256
2005	6501
4857	4720
4584	5316
4587	6398
4586	6230
4853	6402
4852	6375
4851	6560
4582	6377
8158	6145
8156	6380
8157	6361
7392	6374
1087	5922
1086	6415
1085	6390
1084	6362
1083	6495
1082	6352
1081	6454
1080	5595
1089	6107
1088	6379
449	6075
448	4995
1339	6463
1338	6325
1335	6198
1334	6273
1337	6273
1336	5942
1331	6316
1330	6438
1333	6260
1332	6427
6933	5241
6930	6358
6936	6373
6934	6437
6935	6403
8126	6238
6938	5761
8124	6385
8122	6492
8121	6409
8120	6409
7706	6552
7707	6560
39	6350
38	6354
7703	5738
7701	4531
33	6343
32	5797
31	6365
30	6217
37	6360
36	6398
35	6427
34	6340
1903	6474
7514	6034
3467	6421
3465	6083
3464	6373
3463	6465
3462	5990
4079	6394
4078	5191
4075	6393
4074	6419
4077	6306
4076	6104
4071	6413
4070	6151
4073	6237
4072	6385
5797	6386
3967	6077
3964	5250
3965	6376
3962	6427
3963	6505
3960	5865
3961	6414
5799	6430
3969	6256
3638	6445
3639	6353
3636	6402
3637	6349
3634	6300
3635	6285
3632	6445
3633	6291
3630	6462
3631	6361
3469	6069
3468	6399
4468	5741
4469	6347
4466	5681
4467	6373
4464	6261
4465	6364
4462	6550
4463	6550
4460	6627
4461	6524
948	6528
949	6468
946	6391
947	6418
944	6428
945	6460
942	6410
943	6373
940	6029
941	6417
6327	6203
6326	6411
6325	6384
6324	6435
6323	6304
6321	5188
6320	6364
6328	6472
6457	6598
6560	6265
7139	6229
7138	6049
4793	6390
7131	6405
7130	6270
7133	6276
7132	6466
7135	6276
7134	6325
7137	5859
7136	5798
1658	6450
1659	6214
1652	6406
1653	6454
1650	6387
1651	6406
1656	6354
1657	6235
1654	6453
1655	6354
586	6318
587	6430
584	6301
585	6454
582	6258
583	5807
580	6481
5239	6384
588	6476
589	6398
2839	6467
2838	6275
2835	6287
2834	6516
2833	6331
2832	6150
2831	6441
2830	6425
3391	6446
3390	6345
3393	6474
5404	6344
1432	6187
1433	6406
5401	6349
5400	6503
3399	6549
1380	6391
1438	6369
419	6445
5230	6321
5231	4954
7688	5500
5232	6336
4260	6424
4261	6374
1732	6472
4264	6150
4265	4883
4266	6433
4267	6372
4269	6372
3702	6444
3703	6444
3700	4417
5548	6431
5549	6281
3263	4753
5542	6319
3706	6444
5540	6523
5541	5958
5544	6532
5545	6429
1881	6407
1880	6393
5890	5890
5891	6386
5892	5962
5895	6031
5896	6129
5897	6415
4668	6329
2127	6207
2126	6379
4664	6446
2128	6464
4666	6329
4667	6329
4863	4720
4660	6345
4661	6261
4662	6268
4663	6116
4860	5313
322	6422
323	6413
320	6250
321	6372
326	6237
327	6423
324	6114
325	6253
328	6236
329	6353
1595	6415
6139	6384
1594	6320
6132	6382
6133	6575
6130	5273
3072	6348
6134	6488
6135	6369
3073	6456
1591	6373
3075	6379
3076	6399
3077	6371
5176	6156
2249	6465
2244	5894
2246	6401
2247	6381
2240	6331
2241	6372
2242	4919
2243	4919
3401	6314
7535	6388
3403	5696
3402	6238
3405	6378
3404	6406
3407	4683
3406	6263
3409	4525
3408	6378
2654	6391
364	6459
4875	6411
4874	6155
7536	6388
4871	6411
4870	6327
4873	6218
4872	6411
7531	6316
4879	6064
2068	6328
2069	6263
2798	5174
2799	5042
2792	6259
2793	6367
2062	6494
2791	6050
2796	6186
2797	5443
2794	6516
2067	6310
3256	6342
3257	6537
4855	6350
5690	6317
6178	6169
7096	5745
7094	6440
7095	6376
7092	6363
7090	5052
7098	6313
7099	6471
4883	6479
8105	6276
8104	6276
1359	6094
1358	5988
469	6118
468	6031
8103	6276
8102	6276
465	6399
1352	6401
467	6336
1350	6450
1357	6435
1356	6351
1355	6430
1354	6159
6958	6281
6959	6407
6488	6409
6489	6503
6950	5003
6483	6078
6480	6370
6953	6309
6486	6440
6487	6210
6484	6478
6485	6445
4885	6285
8214	6214
5112	5702
3184	6391
3185	6266
3186	6391
3187	6391
3180	6414
3181	6451
3182	6391
3183	6296
3188	4931
3189	6132
4019	6601
4013	6397
4012	4885
4011	6391
4010	6391
4016	6447
4015	6094
4014	6015
3989	5968
3984	6222
3985	6133
3986	6209
3987	5957
3980	6066
3981	6209
3982	6230
3983	6291
5796	6352
1111	6250
1446	6377
1113	6204
289	4704
288	4704
1112	6314
1443	6553
283	6335
282	6377
285	6111
284	6360
287	4704
1442	6468
5794	5580
5793	4673
2477	6478
2476	6478
2475	6437
2474	6365
2473	6455
2472	6310
2471	6437
2470	6544
2479	6478
2478	6457
7874	5748
7875	6372
7877	6367
7870	4364
7871	6370
7873	6147
7878	6418
7879	6418
6305	6291
6304	6518
6307	4998
6306	6518
6301	6135
6302	4506
2907	5948
2906	6235
1986	6143
1987	6441
3216	5692
1985	6408
3210	6365
3211	6337
1980	6399
1981	6476
1638	6454
1639	6450
2904	6293
3218	4720
3219	4720
1988	6438
1989	6438
2909	6343
2815	6402
2814	6455
2817	6760
2908	6354
2811	6262
2813	6455
560	6385
561	6588
562	6377
563	6377
2819	6460
2818	5872
566	6430
567	6407
5429	6414
5428	6451
3379	6362
3378	6334
3377	6439
5424	5843
5427	6371
1185	6314
5421	6303
1183	6366
5423	6499
5422	6499
4248	6389
4249	6328
4246	5698
4247	6516
4244	5698
4245	6384
4242	6516
4243	5698
4240	6516
4241	6516
5520	6459
5521	6441
5522	6328
5523	6328
5524	6373
5525	6328
5526	6275
5527	6351
5528	6167
5529	6389
48	6348
49	6337
46	6544
47	5848
44	6349
45	6360
42	6370
43	6386
40	6476
41	6400
6547	6300
6546	6341
6545	6467
6544	6300
6543	5017
6542	6238
6541	5439
4849	6313
6548	6361
344	6442
345	6338
346	6230
347	6309
340	6320
341	5573
342	6400
343	6502
348	6374
349	6365
7518	6103
6150	6494
6151	6494
6152	6365
6153	6365
6155	6344
6156	6376
6157	6222
6158	6003
4831	4887
4526	6365
3237	5850
4524	6379
4835	6352
4837	6374
6584	6359
2268	6488
2269	6387
2262	5730
2260	5730
2261	5730
2266	5442
8204	5589
2264	6442
2265	5032
8205	6342
4813	6496
2047	6550
2044	6497
2045	5940
2042	6497
4816	6369
2040	5940
2041	6260
4819	6486
4818	6143
2049	6418
7629	6319
8237	6386
8236	6386
7079	6329
7074	5658
7070	6464
7071	6441
7072	5002
7073	6487
6976	6328
8162	6663
6974	6421
6975	6408
6972	6322
8166	6391
8165	5307
6971	6471
8169	5570
8168	6352
6978	6215
6979	6102
4389	5230
4383	6133
4382	6503
4381	6503
4380	6503
4386	4749
4385	4763
4384	6503
407	6101
406	6442
405	6298
1372	6314
1375	6479
402	6438
1377	6366
400	6382
1379	6491
1378	6425
409	6407
408	6438
4031	5124
4030	5135
4035	5109
4034	6187
4037	6276
4036	6331
4039	6519
4038	6404
8174	6447
2459	6544
2458	6464
2455	6544
2454	6544
2457	6544
2456	6344
2451	6351
2450	6544
2453	6544
2452	6328
7852	5239
7853	6606
7850	6492
7851	6492
7856	6394
7857	4558
7854	6404
7855	6404
656	6422
657	6466
1500	5956
1501	6426
3089	6430
6360	5966
6367	6326
6366	6472
3088	6169
650	6348
651	6473
4982	6094
1509	6352
1601	6382
658	6405
1600	5512
659	6387
1603	6342
1602	6342
1605	6655
1604	6332
1971	4014
1606	6403
3232	5964
3233	6346
3230	5964
3231	5964
1968	6355
1969	6399
1618	6435
1619	6312
1616	6280
1617	6435
3238	6411
3239	6246
1612	4843
1613	6516
1962	6475
1611	6213
2872	5994
2871	6108
2870	6047
2877	6315
2876	6315
2875	6278
2879	6342
3355	6381
3354	6234
3357	6498
3356	6233
3351	6461
3350	6323
3353	6137
3352	6189
3359	6233
3358	6233
5449	6354
5448	6252
5442	5085
5440	6350
5447	6338
5446	6452
5445	6224
5508	6454
5509	6454
5506	6322
5507	6454
5504	6248
5505	6322
5503	5223
5500	6310
5501	6119
542	6351
543	6382
540	6410
541	6363
546	6314
547	6382
544	6324
545	6307
548	6382
549	6436
4533	6326
3320	5937
6568	4791
3321	6345
6565	5748
6567	6101
6566	6258
6561	6540
3322	6482
6563	6361
7687	6277
7686	6252
7685	6506
5475	6214
7683	6240
7682	6251
5472	6330
5473	6332
3827	6432
3580	6363
3825	5023
3824	6325
3823	6265
3822	5239
3821	6440
3581	6460
5001	6428
3829	5773
5000	6428
5006	6270
5005	4872
7538	5234
368	5161
369	5006
366	6251
367	6444
7537	6388
365	6374
362	6363
363	6362
7533	4701
3214	4720
5008	6427
5133	5272
6179	6204
6176	6443
6177	6361
6174	6448
6175	6281
3215	4720
6170	6359
6511	5682
3217	4720
2200	6305
2201	6395
2202	6395
2203	6387
2204	6387
2205	5320
2206	5871
2209	6379
4428	6275
4839	6352
4838	6313
4529	4855
4528	6441
4527	6332
4830	6285
4833	6415
4832	6455
4523	6408
4834	6352
4521	4594
4836	6352
7993	6324
7992	6401
7991	5570
3212	4720
7996	4482
7995	6272
7994	4500
7999	6216
7998	6216
5298	4729
5299	6398
5296	6159
5294	6308
5295	6336
5290	6330
5291	6330
3213	4720
4425	5961
8141	6278
8140	6278
8142	5871
8145	6397
8144	5871
8146	6559
7337	6338
7336	6338
7335	6537
7333	5574
7332	6338
7330	6541
5510	6251
7059	6013
7052	6397
7053	6411
7050	5890
7051	6290
7056	5481
7057	6401
7054	6316
7055	6503
8149	5745
8148	4512
6998	6363
6999	6363
6994	5950
6995	6373
6996	5666
6997	5666
6990	6364
6991	6368
8147	6217
6993	6419
2998	6385
2999	6352
59	6213
58	6258
55	6382
54	6303
57	6234
56	6479
51	6142
50	6429
53	6293
52	6303
2990	5928
2991	6242
1940	5622
2992	5816
2993	5816
2994	6417
2995	6262
2996	4432
536	6177
429	6421
428	6005
1399	6459
1398	6459
1397	6459
1396	6430
423	6532
1394	6214
1393	6459
1392	6390
427	6412
1390	6362
854	6329
855	6117
856	6085
857	6530
850	6441
851	6501
852	6006
853	6416
1422	6435
1425	6435
2330	6349
2331	6370
2332	6489
2333	6382
2334	6482
2335	6482
2336	6482
2337	6482
6699	6302
6698	6302
6692	6478
6691	4603
6690	6355
6697	6302
6696	6137
6695	6369
2439	6544
2438	6544
2433	6408
2437	6351
2435	6408
2434	6493
7839	6098
7830	6363
7831	6363
7832	6363
7833	6358
7834	6363
7835	6377
7836	5511
7837	6342
6340	4944
6344	6039
6347	6416
6346	5636
6349	6466
6348	6466
5470	4828
3782	6321
1806	6428
1805	6363
3781	6389
1803	6390
3787	6296
3784	4780
1800	6486
3788	6327
1809	6428
1808	6354
4996	6017
4994	6439
4995	6017
4992	5996
4993	5406
4991	5207
4999	6417
3258	6385
3259	5913
1948	6423
3250	6477
1943	6263
3252	6378
3253	6512
1946	6257
1947	5503
1944	6137
1945	6252
2859	6273
2858	6239
2851	6453
2850	6421
2853	4327
2852	6493
2855	6134
2857	6442
2856	6486
5461	6413
5460	6413
5463	6413
5462	6370
1494	6183
1495	6327
5467	4962
5466	6352
1498	6332
1499	6227
3339	6448
3338	6551
1395	6392
422	6439
425	6437
424	6515
1391	6214
426	6300
524	6258
525	4799
527	6358
520	6258
521	6192
522	6258
523	6258
528	6358
529	6358
1234	6451
1235	6333
1236	6453
1237	6258
1230	6425
1231	6357
1232	6122
1233	6398
1238	6357
1239	6431
8286	6215
8287	6358
8284	6416
1964	6473
8282	6468
8283	5561
8288	5039
8289	6420
6509	6359
6508	6359
6503	6261
6502	6502
6501	6418
6500	6530
6507	6359
6506	6359
6505	6349
6504	6250
1965	6433
2487	6331
4675	6477
2485	6164
3809	5666
3808	5524
3805	6430
2482	6366
3807	6430
3806	6369
3801	6408
3800	6357
3803	6408
3802	6470
2480	6007
4906	5980
1967	6428
7553	6214
7550	6070
7557	6481
7554	6029
4174	6450
4175	6325
4176	6450
4177	6450
4170	6408
4171	5213
4173	4635
1961	5257
4178	6277
4179	6450
7394	6460
7391	6367
7390	6350
7393	6464
2228	5825
2229	5120
2226	6195
2227	6358
2224	6539
2225	6445
2222	6516
2223	6238
2221	6516
5924	6407
5925	6407
5926	5208
5927	6261
5920	6537
5921	6073
5922	6495
5923	6178
5928	6342
4504	6542
4507	5439
4500	5126
4503	6375
4502	6400
4509	6498
4508	6369
2088	6414
2089	6536
2082	6489
2083	5558
2081	6489
2086	6536
2087	6536
2084	6333
2085	6465
7319	4526
7318	4957
7315	5297
7317	6322
7316	5672
7310	6242
7030	6391
7034	4403
7035	6365
7036	6261
7037	6223
7038	6302
7788	6406
7789	6447
7782	6265
7783	6265
7780	6429
7781	6265
1009	6435
1008	6232
1007	6448
1006	6393
1005	5415
1004	6024
1003	6374
1002	6130
1001	6130
1000	6304
4349	6232
4348	6009
4347	6410
4346	6009
4345	6269
4344	6423
4343	6305
4342	6346
4341	6354
4340	6232
3304	6392
5718	6355
5717	6249
5714	6384
5713	5409
5712	6345
5711	6345
5710	6345
3305	4694
3577	6381
7814	6213
3576	5019
7812	6527
7813	6416
7810	6395
7818	6309
7819	4466
2667	6285
2664	6479
2665	6479
2662	6497
2663	6529
2660	6306
2661	6479
1829	6419
1828	6691
1825	6495
1827	6471
1826	6495
1821	6645
1820	6444
1823	6447
1822	6308
2147	6376
2146	6376
2145	6351
2412	6401
4978	6410
4979	6410
2417	6234
2416	6340
4974	6451
4975	6573
4976	6306
4977	5745
4970	6298
4971	6373
4972	6364
4973	6413
1920	6206
3277	6521
3274	6355
3275	6012
3272	6517
3273	6521
3270	6406
3271	5217
1928	6073
1929	6502
3278	6612
3279	6755
25	6357
26	6429
3319	5998
3318	5216
5489	6449
5488	6339
5487	6308
5486	6339
3313	5759
5484	6431
5483	6339
5482	6476
3317	6371
3316	6178
22	6424
5581	6353
7515	5133
60	6352
61	6330
62	6476
63	6362
64	4636
65	6388
66	6379
67	6430
68	6121
6474	5285
509	6282
506	5553
507	6358
504	6337
502	6354
501	6439
1212	6088
1213	6417
1210	6403
633	6444
1216	6417
635	6223
636	6389
637	6325
638	6377
639	6356
1218	6410
1219	6357
6521	6408
6520	6377
6523	6361
6522	6363
6525	5270
6524	6314
6527	6348
6526	6375
8264	6355
6528	6348
8266	6355
8260	6366
8261	6366
8262	6336
8263	5881
3869	6409
3863	6430
3862	6428
3867	4565
3865	6396
3864	6400
7571	5247
7570	6366
7572	5247
7574	4412
7577	6188
7576	6188
7579	6380
7578	6453
4152	6389
4153	6315
4150	6402
4151	6364
4154	6315
4155	5257
4159	6482
5459	6345
8138	6071
5902	6468
5903	6363
5907	6211
5908	5703
5909	6249
3489	6454
3488	6438
3481	6379
3480	6389
3483	6229
3482	6065
3487	6454
3486	6080
4563	6409
4562	4603
4561	5662
4560	6340
4567	6356
4566	6303
4565	6265
4564	6260
4569	6437
4568	4909
7653	5127
6064	6487
6066	6373
6067	6373
6060	6326
6061	6326
6062	6361
6063	6326
6068	6355
6069	6491
2604	6475
2605	6333
2606	6521
2607	5431
2603	6475
2608	6324
2609	6458
7379	6409
7378	6388
7373	6426
7372	5918
7371	6614
7377	5554
7376	6417
7374	6303
5452	6449
7018	6363
7019	6372
7016	6363
7017	6363
7014	6370
7015	6363
7012	6383
7013	6363
7010	6363
7011	4851
732	6700
5454	6485
8132	4440
753	6465
1807	6503
751	6465
750	6340
756	6465
755	5557
754	6021
759	6129
758	6379
3780	6506
1804	6428
2958	6393
738	6279
2954	6445
2955	6445
2956	5882
2957	6440
2950	6287
2951	6480
2952	6445
1802	6419
1025	6325
1024	6090
1027	6457
1026	6325
1021	6325
1020	5064
5342	6582
1022	6399
3785	6240
1029	5068
1028	6454
5456	5864
4365	6477
4364	5892
4366	6333
4361	6450
4360	6477
4363	6401
4362	6477
4369	6383
4368	6137
5457	6049
3108	6463
3109	6143
3104	4491
3105	6357
3106	6414
3107	6423
3101	6451
3102	6320
3103	6339
5	6256
4093	4959
4092	6546
4091	6546
4090	6546
4097	6256
4096	6256
4095	6308
4099	6279
4098	6217
5735	4728
5737	6299
5731	6373
5730	6317
5733	6340
5732	6317
5739	6335
5738	5427
1563	5838
1564	6096
8097	6313
8096	6372
8095	6372
8094	6366
8093	6372
8092	6385
8091	6372
8090	5493
1565	6463
8099	6276
8098	6276
5238	6343
6658	6511
6657	6492
6656	5789
6655	6173
6654	6293
6653	6293
6652	6293
6651	6293
6650	6293
6387	6427
6381	6389
6380	6488
6383	6390
6389	5224
6388	6427
2381	6315
2380	6494
2382	6352
2385	6524
2384	6328
2387	6197
2386	5128
2389	6472
2388	6472
5697	6282
1849	6264
1848	6370
1842	6495
1841	5593
1840	5878
1847	6431
1846	6264
1845	6264
1844	6264
2169	6343
2168	6429
3251	6459
2165	6510
2164	6055
4950	5787
4951	5787
2161	6558
2160	6234
4954	4357
1941	6450
2129	6481
3255	5821
3966	6077
3298	6501
3299	6501
5139	6409
5138	6399
3294	6213
5136	6223
5135	4921
3297	6391
3290	6206
5132	6461
3292	6463
5130	6375
6890	5453
6892	5931
6895	6544
6897	6353
6896	6498
6899	6388
1278	6311
1279	6448
618	6310
619	5434
1270	5659
1271	6339
1272	5314
611	6402
616	6230
617	6352
1276	5314
1277	5314
8248	5750
8249	5750
3008	5764
8242	6460
8243	6401
8241	6432
8246	4803
8244	6145
8245	6145
1490	6307
3332	6502
1492	6383
1493	5697
5465	6504
1496	6333
1497	6320
5469	5225
5468	6605
3595	6551
7599	6098
7598	6615
7597	6318
7595	6227
5039	6513
7593	4661
7590	5542
3598	6502
4138	6255
4139	6315
4130	6453
4131	6315
4132	6315
4133	6254
4134	6128
4135	6298
4136	6486
4137	6495
5692	6382
5693	6317
3843	6474
5691	6371
5696	6301
3844	6378
3847	6378
5695	6176
3849	4452
3848	4452
5698	5962
1077	5836
5969	4968
5960	6517
5961	6365
5962	6214
5963	6349
5964	6056
5965	6327
5966	6380
5967	6299
4543	6190
4542	6264
4545	6412
4544	5932
4547	6329
5371	5522
2594	6448
2595	6351
2596	6396
2597	6453
2591	5363
2592	6387
2593	6543
2598	6447
2599	6346
5373	5522
6042	6278
6043	6452
6041	5685
6046	6226
6047	5666
6044	6387
6045	6194
5372	5522
6048	6187
6049	6174
2623	6297
2620	6362
2621	6382
2626	6294
2627	5406
2624	6521
2625	6521
2628	6431
2629	5060
7351	6477
7350	6518
7353	6401
7352	6478
7355	6401
7354	6532
7357	6482
7359	5410
775	6450
774	6436
776	6436
771	6392
770	6270
773	6436
772	6233
779	6337
778	4405
77	6336
76	6368
75	6410
74	6403
73	6414
72	6176
71	5967
2972	6328
2973	6403
2970	6328
2971	5109
2976	6316
2977	6450
79	6093
78	6292
5362	5060
5363	5548
1041	6152
1040	6428
1047	6203
1046	6060
1045	6203
1044	6450
1049	6469
1048	6213
4303	4458
4307	6326
4306	6525
4305	6525
4304	6525
4308	5852
3128	6371
3129	6519
3123	6471
3120	5752
3126	6078
3127	6488
3124	6519
3125	6375
5753	6429
5752	6404
5751	6404
5750	5933
5757	4674
5756	5108
5755	5108
5754	4876
3445	6196
4609	5586
3444	5529
3447	6279
862	6443
865	5727
864	6335
3443	6383
2757	6298
2754	6594
7434	5765
7436	6194
2755	5730
7430	6069
7431	6069
2752	6369
7439	4921
2753	6255
2323	6311
2322	6535
2023	6361
2321	6128
6675	6376
6674	6376
6677	6376
6676	6396
6671	6471
6670	5118
6673	6376
6672	6376
6679	6376
6678	6376
2326	6322
2325	6482
2324	6408
8285	5933
5197	6556
4708	6374
5196	6378
2369	6270
2368	6293
2367	6492
2366	6349
2365	6130
2364	6304
2363	6568
2362	4839
2361	4839
2360	6511
5191	6029
1861	6385
1860	5455
1863	5986
1862	6070
1865	6261
3729	6496
1867	6480
1866	6174
3724	6342
3725	6497
3726	6421
3727	6352
3720	6334
3722	5504
3723	6317
4686	6147
4687	6228
4684	5853
4933	6215
4682	6465
4683	5990
4936	6440
4937	6427
4938	6376
4688	6406
4689	6350
2109	6347
2108	6339
2103	6572
2102	6490
2101	5737
2100	6364
2106	6284
2105	6138
2104	6633
5115	5232
5114	6507
5117	6114
5116	6357
5111	6032
5110	6398
1610	6410
5119	6359
5118	6425
5192	6336
9	6370
890	6459
891	6459
892	6352
893	6352
895	6403
896	6299
897	6166
898	6251
899	6505
1788	6404
1789	6508
1780	6292
1781	6364
1782	6320
1783	6466
1784	6447
1785	6447
1787	6550
6878	6342
6877	6342
6876	6342
6875	6391
6873	6311
6871	5873
6870	6443
3804	5880
8221	6384
8222	6423
8224	6219
679	6286
8226	6169
8227	5915
674	6436
675	6427
676	4705
677	6450
670	5742
672	6427
673	6427
7609	6238
7608	6277
7605	4569
7604	5442
7602	5227
7601	6388
7600	6098
2493	6408
2492	4740
2495	6441
2494	6441
2497	6317
2496	6373
1524	6390
1525	6557
1254	6486
1255	6486
1520	6354
1253	6456
1250	6484
1523	6390
1528	6340
1529	6381
1258	6486
1259	6432
4116	6271
4117	6363
4110	6243
4111	5891
4119	6327
5946	6555
5947	6400
5944	6400
5945	6035
5942	5956
5943	5936
5940	6400
5941	6430
5949	6478
6028	6455
6029	6286
6020	6444
6021	4686
6022	6203
6023	6107
6024	5764
6026	6222
6027	5050
2648	6130
2649	5348
2640	5986
2641	5986
2642	5986
2643	6456
2644	6064
2645	6064
2646	6395
2647	6120
5417	5490
3557	6437
3556	6386
3555	5883
3554	6310
3553	6371
3552	6455
3551	6455
3550	6455
3558	5042
2910	5159
2912	6423
2913	5823
2914	5977
719	6412
2917	5787
2918	6286
2919	6407
715	6418
714	5326
713	6451
712	6379
711	6375
710	6353
5308	5635
1068	6496
5300	6398
5301	6211
1063	6385
5303	5991
1065	6463
5305	6293
5306	5719
1066	6562
4329	6244
4328	6137
4321	6362
4320	6415
4323	5828
4322	5799
4325	6217
4324	6185
4327	6147
4326	6318
3140	6437
3142	6356
3143	6239
3144	6347
3145	6449
3146	6437
3147	6537
3148	6366
3149	6368
5778	5567
5771	6181
5770	6539
5773	6190
5772	5902
5775	6347
5774	6347
5776	6320
1632	6339
1633	6421
7413	6300
7416	6450
7417	6479
7414	6375
1634	6131
7418	6388
7419	6373
6613	6228
6612	6543
6611	6211
6617	6291
6616	5025
6615	6328
6614	6245
6619	6466
6618	6354
3500	6084
3504	6297
3506	6154
2345	6618
2344	6618
2346	6621
2341	6474
2340	5986
2343	6567
2342	5900
2349	6527
2348	6320
3708	5639
3709	6369
1889	6426
1888	6464
1887	6299
1886	6408
1885	6282
3701	6479
1883	6407
1882	6407
3704	6444
3705	6257
2121	5482
2120	6393
2125	6348
4669	6376
4918	6276
4919	6276
4916	6276
4917	6276
4914	5980
4915	6335
4912	5980
4913	6276
4910	6228
4911	6276
6445	6295
6442	6373
6443	5773
5173	6348
5172	6287
5171	6451
5177	6398
6440	6230
5175	6115
5174	6332
5179	6382
5178	6342
133	6374
132	6247
130	6392
137	6358
136	6113
135	6471
134	6190
139	6014
138	6384
410	6185
7254	5328
7255	6203
7257	6148
7250	5057
7251	6453
7252	6453
7253	6245
6855	6144
6854	6144
6856	5393
6850	5712
6852	6427
6859	6382
6858	5451
5339	5547
88	4559
89	6401
82	6383
83	6384
80	6413
81	6325
86	6236
87	6344
84	6343
85	6343
6583	6359
6582	6359
6581	6359
6580	6359
6587	5848
6586	5848
6585	6359
8209	6413
8206	4977
6589	6367
6588	5848
8202	6342
8203	6342
7625	6525
7624	6339
7626	6456
7620	6250
7623	6574
7128	6303
7828	6455
3368	5904
1502	6421
1503	6478
654	6422
655	4702
1506	6377
1507	6229
1504	6186
1505	6229
3085	6394
3084	6380
3087	6479
3086	6520
3081	5596
3080	4678
3083	6446
3082	5341
3369	5904
3885	6519
3887	6441
3886	6441
3881	6364
3880	4586
3883	6229
3882	4607
3889	6437
3888	4947
2484	4368
1884	4833
6006	6322
6007	6536
6004	6398
6005	5894
6003	6363
6000	6410
6001	6337
6009	4603
995	6411
994	6401
7397	4906
996	6365
991	6288
990	6288
993	6379
992	6330
999	6508
998	6256
5098	6384
5099	6151
3579	6029
3578	6363
5090	6393
5091	6340
5092	6340
5093	6349
3571	6375
5095	6473
5096	6390
5097	6414
4497	6001
4496	6286
4495	6001
4494	6001
4493	6001
4492	6432
4491	6308
4490	6308
2668	6518
2669	6518
2938	6410
2939	6313
2936	6283
2935	6345
2932	6328
2933	6413
2930	6315
2931	6332
5326	5408
5327	6119
5324	6601
5322	6343
5323	6315
5320	6433
5321	6295
3799	6324
5328	6119
5329	6036
1743	6426
3797	5791
1839	5593
3168	6287
3169	6001
3166	6451
3167	6451
3164	6294
3165	6451
3162	6416
3163	6294
3160	5779
2406	6462
2155	6558
2156	6305
731	6382
730	6442
733	6442
2405	6495
735	6382
734	6382
737	6227
736	6696
739	6382
2150	6376
2403	6420
2152	6447
2401	6278
2007	6056
7478	6429
7470	6429
7471	6291
7472	6476
7473	5265
7474	5265
7476	6043
7477	5265
6639	6322
6638	6492
6630	6135
6633	6376
6632	6331
6635	6500
6634	6376
6636	5876
4707	6374
4706	6430
4705	6405
4704	6374
4703	6374
4702	6374
4701	6374
4700	6374
2329	6433
2328	6315
4709	6446
2009	6161
3760	6316
3761	6235
3762	6400
3763	6287
3764	6342
3765	6336
3766	6303
3767	5202
3769	5640
1292	6504
1792	6422
1561	6382
286	6444
2499	5514
2498	6288
4648	4983
4649	6492
2491	4740
2490	6112
4640	6246
4641	6354
4646	5325
4647	6229
4644	6394
4645	5642
1566	6444
7899	4899
7894	6201
7892	6201
7893	6348
7890	6435
7891	6201
5159	6297
5158	6297
5151	6465
5150	6402
5153	6535
5152	6417
5155	6332
5154	6616
115	6416
114	5126
117	6233
116	6400
111	6313
110	6293
113	6312
112	5126
119	6233
118	6233
7273	5713
7270	6535
7271	6222
7276	6485
7277	6447
2320	6119
7278	6570
7279	6401
6833	6537
6832	6401
6837	6370
6836	6537
6835	6537
6834	6322
8005	6295
7642	5267
7647	6031
7646	6356
7645	6356
7644	6356
7649	6458
7648	5305
1748	5860
1749	6379
1744	6444
1745	6426
1746	6426
1747	6362
1740	5957
1741	6467
1742	6579
1486	5019
7291	6389
3309	6492
7924	6311
5494	5745
7925	6378
5495	6507
7922	6378
1489	6498
7923	6378
1488	5771
7920	4801
5490	6339
7921	4801
3303	6501
1568	5314
1569	5739
1298	5915
1299	6287
1560	6584
1293	6362
1290	6330
1291	6388
1296	6413
1297	6352
1294	6307
1295	6307
7462	6405
5638	5424
5639	5679
5635	5398
5636	6377
5637	6332
5630	5663
5631	4751
5633	6474
