7567	1
6339	2
3549	0
7179	1
8011	1
3003	1
1062	193
1416	90
1802	34
5755	1
5690	1
3135	0
1502	2
226	33
8041	3
1639	36
2882	1
4613	49
6620	91
2766	1
7424	4
1891	23
670	4
355	0
3566	1
4746	7
2945	1
206	0
8166	1
1127	90
2512	1
7439	0
2845	2
575	17
6123	107
6175	1
250	21
4183	0
6951	26
3525	13
205	9
290	161
6088	0
8219	40
597	2
6622	1
764	58
7810	55
6745	0
1176	1
4874	0
7617	1
4443	4
5051	8
3052	1
7070	2
4214	8
2130	8
6793	1
933	10
861	41
185	3
5391	14
3018	47
8205	1
167	2
8099	1
1033	3
337	1
3083	2
2711	2
7022	1
2900	81
1530	10
6776	0
4395	1
6551	1
3044	4
2815	52
4688	59
2191	1
3159	8
4371	4
7363	1
4871	1
343	4
2352	2
2843	7
7969	0
6789	47
1952	3
6119	3
1318	2
3358	1
214	88
3103	69
5273	70
3966	1
7502	3
1306	19
1184	57
988	257
6132	1
43	4
5065	0
5783	15
2148	1
2751	0
4766	1
5445	95
495	3
794	40
7448	0
2223	30
5193	15
1082	4
5882	0
5518	1
1424	41
8126	0
785	1
3056	41
653	2
8035	1
2393	3
8287	29
3780	3
255	112
2274	33
5695	1
4099	277
6054	0
1623	36
7241	18
4900	1
1523	1
3186	1
6027	0
2269	2
2300	1
557	1
2216	1
2673	1
1956	107
2134	93
8283	6
3639	11
8025	2
4459	4
6271	8
1553	10
4409	6
3321	104
3481	11
5967	1
1666	1
4058	9
5361	3
3270	2
3106	52
5581	2
1103	58
315	70
212	1
4057	1
982	61
2475	37
2923	74
2405	1
2114	108
2804	0
5219	1
4460	1
815	2
768	1
2980	1
3954	2
4545	1
4558	1
79	28
1622	123
5110	84
3865	2
7673	1
4027	2
3543	2
8061	3
7352	11
3311	1
7304	2
4480	9
2535	185
1441	34
1566	92
5769	4
6929	1
5774	1
7690	0
7535	1
4931	1
1197	3
958	42
2469	3
7906	3
3967	22
6319	0
1384	73
845	1
3957	0
8105	1
4742	1
3324	5
4100	0
3130	63
3821	2
5997	1
6523	103
4891	3
2131	1
5711	1
6058	1
1409	1
5218	1
728	4
1961	3
4836	1
7021	107
5261	2
7505	1
7652	2
5859	7
6655	3
6635	11
4829	57
2528	1
7113	8
5353	1
2146	1
6918	75
2331	2
6168	1
4808	44
1709	2
1842	147
7203	1
3786	72
4467	1
312	223
5329	0
5098	2
6524	6
1717	209
8165	0
6435	0
7038	4
5167	0
5068	10
4061	1
1406	2
363	19
5817	43
3395	1
4682	14
7052	187
1985	78
2564	49
4632	259
2908	11
2664	1
2361	1
8072	1
690	3
4426	5
7908	85
6462	2
1496	263
4215	0
4924	9
3759	1
6105	2
1140	8
335	48
3380	33
2138	1
6644	1
1433	2
6030	1
6432	39
7808	12
6670	0
3125	90
3440	0
1489	84
6614	2
7668	1
5365	1
2855	13
6467	8
8221	1
636	38
3802	5
3218	0
76	2
1075	89
7849	1
2596	13
4465	2
7687	0
784	224
3315	13
8206	0
1765	4
4659	3
2381	137
6024	7
336	28
1515	1
4075	1
4767	10
5482	56
5133	1
2004	27
4458	2
1097	137
737	345
3541	94
4777	8
2129	55
3727	1
7623	2
1754	140
651	1
2917	14
1556	28
1301	3
8055	1
5436	1
5426	2
2230	38
4425	1
1518	28
8091	1
7819	1
4142	30
1281	10
2758	1
1092	3
5837	25
8044	29
7061	3
7107	0
5756	3
120	3
1022	46
4407	1
819	1
2693	232
7444	3
2178	24
6908	1
1578	1
1689	17
7867	1
4433	17
2267	1
3145	27
5061	51
5432	55
2844	1
1132	42
3569	2
927	0
6471	1
7581	0
4399	0
436	1
7446	1
6801	5
4427	1
7729	0
6479	13
3511	1
1037	50
4800	1
2315	0
2906	4
4025	1
4721	0
4285	2
7953	1
7804	0
2369	167
261	26
1421	1
6921	1
2777	16
2706	13
3942	0
2310	0
3676	1
4581	3
5024	4
3875	0
2870	0
926	5
6780	67
2204	1
2994	2
5112	0
5627	1
4595	2
5055	77
5596	83
5479	55
3368	0
638	1
4386	0
1541	1
66	41
5478	9
4815	1
46	58
6770	63
3445	15
2410	76
550	1
6626	8
3668	0
2116	55
758	2
1010	6
7239	21
2489	0
1204	58
3019	1
3036	5
7900	27
7280	131
7812	4
5010	3
258	18
4021	54
5008	23
6426	0
1847	123
6080	0
6843	1
2020	1
6762	0
7843	2
698	7
5323	22
409	1
4764	90
7882	50
5280	2
3416	1
239	1
5429	1
696	35
8237	31
5525	1
1633	187
7374	1
1510	16
145	16
787	2
8162	9
1742	5
2213	1
2100	0
829	12
5311	2
3871	38
8088	1
7864	2
4456	3
3182	1
6146	8
7380	3
1287	0
6630	1
3598	2
6197	1
4010	1
2302	1
4028	0
2453	1
3912	16
4132	1
1862	1
5475	1
4580	0
3034	174
7428	0
799	1
1879	13
914	6
4322	1
3978	2
3472	9
1982	130
2772	1
2909	112
964	4
7	20
5616	12
5424	0
961	11
7391	90
7546	2
1791	28
5176	108
1864	17
1157	59
8064	1
2503	1
2465	0
1575	1
4629	0
1049	76
8270	2
6114	2
709	0
8291	50
4243	0
228	51
3326	12
203	26
2936	5
3290	29
61	20
7763	56
5202	2
802	22
256	8
7349	1
5059	15
7382	1
1336	8
5517	1
2354	2
576	1
2847	1
911	24
3772	3
3144	137
5305	16
644	76
5224	1
4318	2
8019	1
6871	0
5800	322
5595	1
1269	0
4981	136
301	14
1156	32
4621	0
7132	21
3833	1
1625	2
4195	0
1451	4
4804	1
849	15
8087	1
7393	14
4242	1
1226	1
4619	1
1601	4
6196	0
6278	0
6804	5
5902	67
5801	4
1881	1
1079	2
1800	20
6800	1
7480	1
6111	1
8264	1
5231	2
2560	149
5092	72
4727	1
7588	9
4190	2
3794	44
5186	2
5115	2
4569	1
519	1
7923	1
1928	3
2538	0
5682	0
2067	3
3908	0
5373	1
3113	1
3136	81
7790	2
8178	31
1979	28
333	1
700	20
4624	1
3114	44
3010	162
3980	3
348	54
2313	0
6705	1
6695	1
4639	3
3973	22
7503	1
2118	114
4359	1
5397	1
1262	2
3382	1
4647	9
2021	1
5844	69
5924	1
4898	5
2656	0
4807	1
263	21
1444	28
3945	2
155	60
3040	6
2930	1
1855	93
4684	0
6751	0
4041	131
6753	4
4006	2
7065	0
7122	1
2095	40
4146	1
6314	9
3717	15
1370	0
1616	1
2875	6
5384	25
3779	1
5095	2
1645	2
3935	1
1131	34
5159	1
1557	1
117	0
3273	1
2438	2
2403	2
1391	1
2035	1
2852	2
1471	85
2379	46
5312	9
4251	1
73	11
7164	1
5763	4
4776	10
6381	2
8272	1
1369	0
4000	4
2376	22
3607	89
4133	2
2117	123
7048	1
2821	13
3325	6
7670	1
8255	1
5562	3
4389	0
4995	0
4899	204
6219	3
6700	11
1486	1
6917	1
6326	2
2320	0
3107	10
2662	42
135	41
6067	1
4272	0
528	1
4055	79
1992	101
6653	1
6795	2
1736	1
7300	1
3690	1
637	55
5269	1
5541	0
1168	22
5880	0
4291	4
4470	1
1805	30
6121	2
5922	52
2097	36
8216	1
1863	0
2993	6
4521	0
4563	11
6107	0
2299	65
2523	5
2144	119
240	2
1731	0
5151	3
4361	67
873	20
4023	2
1978	1
2757	3
6244	0
4951	1
4825	2
392	5
8056	1
3770	15
3086	7
243	58
5123	157
7185	10
7166	1
7278	3
970	10
969	2
1160	34
585	3
5875	1
5226	88
453	1
6862	1
5784	16
6901	42
5750	1
5994	41
3269	3
6022	1
1020	0
6483	18
4008	7
3447	295
2089	1
6580	1
3253	107
6550	3
7889	1
668	18
6861	1
5656	2
7850	1
4622	1
7688	2
3090	10
8097	1
2050	4
5033	1
7246	0
7150	10
237	35
3943	1
1977	78
899	22
6528	34
2604	25
2633	1
7470	1
7425	7
7799	1
4303	0
7590	0
3422	2
298	46
3198	1
3208	7
177	16
5743	88
5626	39
6061	1
2629	1
3316	3
1963	38
1886	3
6158	0
3632	1
2444	6
1755	1
180	54
269	26
7250	0
6560	138
3817	1
4088	8
821	1
5670	0
2160	81
2227	4
1332	1
3074	1
3602	1
5526	7
4082	15
5810	26
3538	6
5972	2
1503	2
2065	45
6520	2
5806	126
4781	89
107	4
3807	60
3400	1
304	106
7025	1
1807	6
1408	1
610	0
4423	0
1173	2
435	5
5698	0
8203	1
1345	1
5872	105
1669	22
105	16
3439	157
1796	38
4	10
584	19
618	9
2484	1
2031	1
3396	2
8036	19
1868	20
6388	35
7205	1
7837	2
7020	3
89	38
6480	1
3229	1
2128	66
6771	2
6783	44
1185	72
5341	29
7116	44
1246	7
1549	756
4299	63
3160	1
6967	0
2701	12
2063	16
1916	1
3215	0
1161	0
8277	2
3655	7
2072	129
5887	2
1708	1
4497	0
2474	179
1664	5
1087	1
51	14
2501	2
541	3
5281	2
8245	0
489	3
1634	1
5535	1
6071	1
548	1
463	0
1920	13
2871	324
5333	2
365	5
1668	5
7587	75
1315	35
3880	0
6181	1
7413	1
100	4
5079	380
6579	1
1997	142
7483	1
6232	3
7593	3
2641	0
5422	1
124	1
6538	7
3335	0
1341	2
3427	0
5386	3
2096	2
2925	53
1080	27
6509	1
1652	25
6264	1
4929	63
113	69
3075	2
2813	1
3319	3
2056	1
6829	4
3910	100
1325	1
2784	1
196	0
375	1
3080	0
1980	44
2515	1
2418	1
8155	1
8089	0
3614	236
2029	2
2932	108
4186	7
3984	2
6788	4
3733	0
1953	39
5461	1
7976	1
1917	1
5214	1
7125	2
1349	1
516	1
2690	25
6554	37
7054	61
4562	0
1569	8
6934	126
977	22
4972	1
7968	1
4362	1
2716	1
1718	36
4713	47
4832	4
182	91
1830	3
4279	0
4531	73
8199	1
825	242
6875	74
708	39
2337	1
2104	1
2761	1
4048	0
1362	3
4039	9
33	54
2477	1
4273	19
3046	10
2132	1
326	9
275	47
1089	2
5158	1
4405	1
4597	1
62	11
5267	2
3990	0
6683	0
520	1
4651	1
3850	2
7165	1
2787	60
8252	1
3417	108
7243	1
1724	1
3063	2
55	117
1327	0
7379	7
563	1
3775	10
108	5
1597	23
1295	1
7577	0
4860	0
5350	1
4838	2
569	1
456	3
2856	72
6050	1
6295	1
5179	260
5630	34
6169	3
7600	0
5434	0
5889	1
3386	11
308	184
7128	2
1314	1
6218	81
192	18
7421	9
631	15
6293	1
2027	1
3233	4
2963	73
7715	1
4086	0
6555	132
4332	0
4296	1
2482	3
7734	0
650	99
6725	13
7177	1
5876	1
5645	1
7187	1
8065	1
2686	183
3528	7
6715	81
6161	6
2797	1
3168	69
6729	2
6941	35
2007	5
727	19
4720	1
4849	2
1531	17
4463	74
2868	0
2749	1
1279	189
5132	27
3299	1
8135	1
3703	1
3192	145
501	9
2707	169
5995	1
6781	5
8159	0
907	36
2181	29
1540	1
7167	0
6199	0
1003	17
8224	24
6466	1
2237	409
1189	1
4316	8
1941	1
6837	1
6288	1
1050	33
2250	2
1741	6
7615	1
3277	1
2531	0
2382	2
5620	10
5633	1
4276	68
2708	42
879	108
6732	1
7289	0
5895	0
3279	1
2184	3
2201	1
140	44
2717	1
7563	1
1324	1
1918	73
282	126
7429	0
1202	68
881	20
4633	11
1078	5
2550	60
2293	2
6778	0
1181	0
8275	0
83	8
6535	1
412	21
6307	0
6316	15
7332	1
1043	47
4866	3
5693	60
3796	238
6613	41
1298	0
2278	1
5640	18
1266	0
2233	34
4745	0
6766	16
7529	28
5480	1
661	2
6876	1
2889	11
6619	77
4481	0
6493	1
4848	1
1780	23
6668	1
5722	2
2235	1
6049	1
103	56
3309	48
4037	421
5291	1
1420	35
8171	3
6840	3
4886	0
6350	1
748	18
1209	1
4450	1
4550	81
3924	2
3844	1
1483	51
1857	23
189	1
5892	0
7123	0
1967	31
864	20
8187	1
1626	2
242	1
4261	114
1462	30
772	3
5706	0
635	52
4650	0
1101	1
91	1
4964	130
6625	2
8195	1
7498	1
7040	17
1239	64
1068	3
8148	0
1023	39
6255	16
7699	59
3489	71
3460	80
1351	1
1565	38
4473	1
7233	71
5629	0
7946	35
2241	53
3342	1
5664	1
506	5
5568	31
2883	18
6075	16
2657	199
342	2
8209	37
5731	2
4297	116
6712	38
6056	1
586	17
4847	1
4124	147
554	7
2238	1
2680	6
6046	2
1303	1
2019	1
4873	0
1981	2
4989	4
3181	3
6044	71
2183	1
8000	1
3402	88
5501	1
2792	17
8173	6
3341	1
1426	1
2008	1
6082	4
3596	1
3120	4
3719	14
6981	0
1219	1
4552	1
1629	18
4912	1
3304	31
5052	1
207	0
1715	1
4185	1
3798	18
5442	0
3557	46
1782	2
648	0
6926	1
1296	40
94	21
6430	1
3082	1
2443	1
6760	0
1030	9
1951	26
4079	1
4221	41
1797	1
6488	19
6201	1
1733	79
3936	1
3824	1
7891	1
1329	2
3804	16
7317	4
7419	1
1833	9
2370	2
6545	5
5550	12
8115	0
1672	27
188	3
6320	36
4903	1
5462	7
1243	36
7730	0
6842	1
5463	53
6437	64
1099	8
4402	18
6203	0
5726	0
3	51
1507	12
6126	11
364	11
3371	50
7034	0
1703	1
7856	7
1546	0
8136	1
7012	53
4503	1
3059	116
3737	0
3654	1
2168	25
6905	1
639	28
2737	16
2699	63
6246	40
6400	31
4020	6
7705	1
8052	1
5096	62
697	143
6606	1
7345	0
1017	0
5823	13
7662	63
2635	1
2574	2
3701	1
4910	2
3124	2
1473	160
3088	24
2325	63
3651	1
7112	1
6598	7
2720	3
133	8
6230	0
5559	11
211	1
5416	1
4952	3
3545	2
4599	1
1144	24
3333	14
532	0
7647	14
2722	1
1835	112
3366	31
3351	64
4827	74
8141	23
3077	4
7221	0
2460	1
7029	2
1695	1
6383	3
398	6
6916	30
4710	7
2661	1
6720	39
125	28
6548	8
2283	1
2038	5
1934	1
3185	3
978	119
323	1
6241	92
4328	1
1721	1
6525	13
8093	1
5874	1
3191	85
4357	1
1774	59
7305	1
6601	1
4500	6
5085	1
5785	2
2996	0
2255	31
909	6
6356	2
6287	1
2891	1
1474	2
415	60
793	6
2671	1
4970	6
1539	3
3171	1
3143	0
7376	4
6561	3
8005	2
1317	1
6703	0
902	0
4245	1
3744	1
1516	1
3220	0
3905	2
1380	59
6949	5
5646	1
734	1
1988	1
4889	1
1656	1
989	41
7741	4
2898	2
4602	0
7938	2
2966	33
5644	13
7095	1
7703	1
7087	0
5038	5
6494	70
1240	0
6852	1
3801	1
1738	3
633	111
3209	32
6020	23
3251	62
3282	2
4728	14
2995	4
2493	5
7594	3
4333	2
2645	6
4962	55
6226	1
7649	66
4216	2
3009	88
8139	0
566	15
3815	14
2490	24
4976	20
2466	0
3837	1
4555	0
2723	1
4107	1
8102	1
1943	3
6409	2
647	63
4992	6
6690	0
1493	14
5749	2
2193	66
1179	8
5981	6
3071	1
7999	1
88	0
2359	2
3223	0
2506	95
2152	0
7469	1
5109	1
3292	8
4666	146
183	27
5732	48
418	1
1927	45
5246	50
2668	1
2834	59
6513	1
5271	0
1790	2
4360	1
194	3
2298	26
481	0
7426	1
3025	4
6315	0
4547	110
4103	41
7664	1
1123	47
2136	1
499	11
5567	1
4932	2
2790	214
2239	1
767	1
4705	3
2420	2
7760	1
3470	21
7231	87
2546	28
1740	0
4799	1
800	2
2290	162
5250	5
6495	1
2231	84
7523	1
190	2
114	1
5809	21
7610	1
824	1
8271	1
2985	4
1439	43
770	3
6221	69
4969	1
3142	41
3118	1
2736	3
1670	16
5163	1
8290	97
4416	5
5737	44
5203	12
6813	1
1921	1
5421	27
6787	1
8095	1
168	31
2869	0
109	167
669	0
5625	1
2005	1
2579	58
7135	1
2291	1
3587	70
2024	1
2209	94
6477	1
1990	111
2803	1
1134	3
75	85
1196	22
1603	57
3110	19
5628	0
7063	76
5853	1
6179	7
4013	55
6698	1
5505	1
1256	1
1763	1
4012	0
1885	43
1178	0
2990	0
3438	1
5121	52
5939	2
2401	1
6709	2
608	92
7561	51
6292	1
4914	1
1799	122
6691	1
6986	1
2200	2
1504	6
5781	1
1063	29
195	0
430	5
7487	1
2819	76
1795	41
1027	6
876	1
176	39
6068	30
1882	1
2828	58
4612	1
1735	1
467	7
1164	95
4191	217
8046	14
1346	2
5609	1
6897	40
3426	0
4202	1
3652	1
2563	1
199	11
839	10
942	5
7462	1
3020	99
2660	271
6987	0
7740	4
2335	1
5710	1
2913	9
6193	1
1007	30
1680	54
7727	26
2042	2
2808	1
3700	0
1821	3
4881	3
4616	6
5044	2
1621	135
992	1
4623	2
153	3
8051	48
7878	1
5119	18
4667	1
2222	1
6961	2
6648	1
6359	72
2826	1
473	1
6828	1
5916	4
7570	3
7402	5
7453	1
8214	1
1338	3
102	2
6311	2
3005	159
3757	1
1883	1
2101	4
1606	4
5102	48
6460	56
6656	1
7698	1
1994	1
7468	1
776	1
2003	42
4786	5
3500	0
4203	1
3827	2
6094	24
5582	129
6207	1
2450	1
74	69
5477	1
2247	6
3138	1
7929	3
1991	91
4819	1
3516	72
2396	0
1529	0
950	8
3556	11
5982	3
7648	1
1494	1
259	105
4604	45
5366	2
3631	154
4177	1
4429	9
1871	2
6063	1
6863	3
3338	48
6959	5
3259	1
2617	61
7665	5
612	1
1903	45
5196	29
4234	28
2987	7
561	3
7490	26
4280	0
1685	1
2786	1
7601	2
712	18
2164	0
4857	0
3766	5
850	4
4618	3
5551	8
2402	1
1665	1
4040	145
6761	0
8	194
2391	1
5761	8
1700	125
7928	2
987	2
1401	3
4533	1
1422	1
5276	7
4249	1
3112	1
6650	1
241	8
4753	1
6583	1
5857	62
3649	0
3078	1
3017	3
3825	0
4366	2
7198	5
80	95
2619	151
3498	179
3963	1
6442	55
811	3
2442	1
3054	1
3127	12
5026	60
6679	1
5374	1
4044	106
2591	0
1129	53
3356	1
5674	1
6602	1
4524	7
1224	1
1777	31
571	1
691	41
2211	26
6458	89
866	9
7163	0
2463	0
5016	8
384	1
951	0
5913	5
3725	3
7013	1
2611	8
151	79
7255	1
1751	13
7572	0
6855	65
1011	4
7181	2
1975	1
7042	2
4967	317
6884	1
5814	193
4255	9
1534	48
4317	3
4701	1
3483	32
5540	3
2253	20
2940	152
406	42
3167	1
3261	1
8273	1
5089	8
1513	24
3301	16
2344	1
4780	0
7476	1
4329	9
3752	70
2180	1
7154	1
3169	0
7672	0
6424	9
3247	1
2689	81
2764	49
6412	0
1587	30
6096	2
1454	1
4283	1
4530	71
8156	5
3681	11
6450	1
8122	23
1423	5
4314	3
4491	1
1450	1
5000	1
8128	40
32	4
6972	1
7266	6
231	44
6455	1
6039	1
6474	6
2188	2
3855	6
6885	13
4715	65
6647	1
5334	3
934	2
3749	3
8083	33
4095	1
974	112
3293	55
4592	3
3132	2
2799	15
3418	1
3013	1
3670	24
2264	118
5840	1
1390	56
5928	53
3527	47
2974	18
5602	0
7598	26
1707	56
5255	5
3030	56
4593	0
4788	15
1710	1
2609	6
947	64
5836	8
4957	1
1174	1
3892	94
983	1
3437	1
5949	3
4304	1
4446	2
3123	3
7944	1
5612	38
8100	1
5530	0
3783	1
5984	3
7055	95
2621	8
7871	46
5190	56
6411	1
7870	0
4001	27
7000	1
6678	1
6127	1
6306	67
2547	115
6962	1
6204	4
3239	2
6649	23
6113	2
7907	10
6	282
5009	14
6976	97
2119	26
6775	1
6541	1
1913	1
2127	2
2961	1
2105	3
2435	61
6398	15
6392	1
299	133
2683	8
356	55
7835	43
7961	83
3792	83
5143	8
5605	100
5653	0
3411	0
1177	0
6270	82
407	214
1589	6
3919	38
306	237
6337	66
2518	4
2282	5
1950	1
4601	1
30	25
2886	3
2958	176
3708	0
6443	51
1461	1
921	7
4850	3
3129	2
6674	1
7206	1
573	1
1674	7
1845	1
2618	68
2387	52
1537	91
1653	45
7108	52
2944	1
393	1
1192	2
530	5
7894	1
791	33
42	88
4351	6
2053	26
7682	15
4773	1
5481	0
4894	34
5835	31
6768	1
4978	1
1236	132
2571	4
1592	58
3953	1
6031	2
52	1
8013	1
7215	0
1392	2
4668	1
6228	1
945	23
3878	0
625	3
7360	1
3323	1
5437	64
5336	2
1081	1
683	0
1297	345
2746	123
5472	15
4673	68
7297	1
2715	2
4236	0
1617	1
7778	34
1935	15
1659	1
2070	1
6915	1
3162	3
6481	62
1244	2
1900	1
3597	11
2319	1
213	0
6938	5
8060	5
6706	0
2386	3
3504	1
1058	1
8168	47
659	59
2240	191
5655	50
5019	1
4396	1
4073	90
3297	66
2385	44
5713	1
7026	11
4026	1
1514	92
4414	1
7138	1
4625	6
4449	1
3791	0
5868	3
2876	1
8007	0
4706	61
2016	73
2983	18
5544	3
68	188
86	208
1591	1
4762	1
4267	1
1171	1
1231	1
1065	8
4452	0
3265	89
1966	108
6371	1
2771	0
2527	2
7044	3
2965	2
1228	9
6685	0
2817	2
4194	1
7405	17
6806	1
7771	2
1438	1
1145	2
1874	2
4213	2
8265	1
142	12
1520	35
5523	1
5885	2
4231	3
2916	1
5248	2
711	0
8285	2
3348	34
1353	69
3600	6
3037	7
579	86
4440	5
6212	3
2849	1
1698	1
1013	9
7407	1
4290	56
4915	5
5914	2
1826	1
3406	4
4635	1
1237	4
6574	1
646	15
2455	2
5221	1
4565	2
5093	1
7228	4
7142	4
796	5
2607	3
5702	10
6940	0
369	0
7235	1
2658	303
353	1
6423	1
1267	148
98	5
4828	242
1138	2
2543	1
3900	3
1870	1
5244	1
19	59
6186	1
2425	0
7321	3
5283	2
5782	0
461	2
1458	1
3571	39
5680	54
4016	1
5822	145
1481	1
2957	1
1907	1
6819	1
3840	1
5798	51
4382	1
6719	3
5959	1
4596	1
2407	4
6927	1
4478	0
7836	0
5729	1
7420	1
3947	2
8180	1
4180	1
4171	0
710	128
1293	26
1272	1
3761	2
7796	0
4986	44
6294	1
1465	25
5930	1
7995	0
1447	7
7072	0
8266	1
3776	2
4184	1
1389	28
2336	1
2696	132
1428	242
5978	1
5805	10
7024	3
222	3
4743	1
3519	49
2597	44
6070	2
7694	37
3043	1
593	1
4840	3
3685	2
5790	43
5676	0
7050	19
3753	1
545	72
1372	16
1605	10
7948	2
2769	1
6985	0
509	1
2365	59
6009	2
5712	1
529	1
1358	7
4091	1
3237	1
1233	9
5401	3
1947	7
8262	1
2589	2
667	53
4665	8
915	7
2198	3
2950	11
1431	1
5395	1
8295	71
3041	14
6446	1
4134	19
2665	51
2981	101
7372	0
7473	0
6576	47
7965	34
246	5
3823	1
6511	3
7037	1
2234	14
5225	1
7888	1
1072	1
7815	0
5230	0
2036	1
6041	1
431	21
7901	28
6149	0
1628	43
29	181
1728	0
7761	1
2185	7
2257	119
4406	1
405	34
2649	1
3260	92
1899	6
4974	41
3629	5
8145	0
2000	1
8043	0
7008	1
890	1
7104	15
4159	2
3467	1
2798	0
704	137
6584	1
782	9
1395	192
494	3
6324	6
2353	1
7506	0
2626	3
3148	79
1207	24
6850	16
3999	2
1792	66
1302	1
6899	2
6029	38
4211	40
5486	1
5368	2
888	1
7679	21
3029	61
8249	11
5077	1
7832	1
4842	2
4046	40
7073	37
7309	0
7306	3
7520	4
6984	4
2194	1
449	4
6192	2
2062	172
4586	5
7403	1
4844	2
7822	1
3482	10
5705	4
2226	23
3204	1
198	0
2593	150
3539	2
4925	1
191	3
5590	4
6248	10
3944	1
2448	1
1893	91
3758	1
3616	1
4358	1
4653	189
5195	3
3586	222
1789	11
5651	55
7861	1
6305	191
6983	0
7747	5
4031	1
574	3
6841	2
8198	20
6506	1
6906	49
3275	10
5503	0
5666	4
5031	1
999	39
7653	0
3856	0
4918	1
5564	0
7127	2
7136	0
5846	2
1559	1
694	1
2718	1
437	1
1241	59
4814	60
65	2
1199	43
855	1
6651	1
4067	1
6696	0
1571	85
2904	16
416	2
7440	0
95	19
4363	13
2762	0
318	2
7691	18
3248	1
7991	0
7292	0
6198	20
6592	1
24	272
2655	93
4904	2
498	1
6563	54
270	14
7260	1
4036	139
2174	135
624	16
2272	31
4748	71
8109	1
8053	17
3659	32
5371	1
2624	1
2569	5
1816	66
8167	1
1719	10
4121	1
234	1
1100	10
753	1
6243	74
1884	1
7257	2
4337	1
12	54
5316	22
4370	1
5064	12
805	120
6014	1
5910	0
3911	4
7985	1
8181	1
592	25
3263	0
4468	13
2281	10
6448	0
472	1
1128	24
2770	15
3622	22
1150	8
5983	1
4494	0
210	0
8002	19
2941	6
7844	1
7210	1
1466	24
4305	1
6663	5
775	2
1002	1
2260	0
8202	1
5883	2
7630	0
1008	5
3450	27
3895	1
3553	5
7001	1
1860	0
2976	7
2186	57
3946	22
1834	1
676	0
2625	354
3750	2
3345	36
2928	4
3147	6
699	7
5773	119
1662	31
941	139
1183	8
7160	0
3187	2
602	1
2551	2
2139	0
3611	19
1172	1
6496	85
296	4
6510	54
1697	89
1105	1
2861	1
5531	224
8012	7
3551	1
8114	0
5834	6
4385	0
6730	1
4315	76
7454	1
6603	1
5344	2
7883	1
745	2
3000	56
1024	46
6582	1
6396	1
3989	0
425	86
1006	151
735	1
3785	15
5299	1
8238	1
1200	134
6864	2
3929	2
7893	2
807	1
4794	1
3280	1
2648	1
3816	2
5937	1
3360	0
8226	1
8248	1
7336	1
5084	1
6553	12
7011	2
546	107
6360	35
3977	13
6692	6
7886	1
2956	1
2287	4
5862	24
4963	11
761	59
7279	78
842	27
2747	128
7434	0
5608	14
6253	1
5684	70
830	2
4461	1
6896	3
4663	6
7768	10
5285	30
6332	1
6746	1
7418	2
7394	2
5184	64
1282	16
6069	3
2752	5
7170	1
1344	1
3992	2
5671	50
1142	28
4975	2
2215	12
4349	26
813	302
6808	0
7538	0
7445	1
1404	1
5754	0
6936	1
3781	1
7685	13
613	16
2896	0
2998	3
536	1
6910	1
2526	1
3998	2
1560	2
1009	43
5921	2
7791	8
957	3
1253	78
1170	2
3925	6
5393	2
2697	124
1294	1
7474	0
4437	33
2363	4
5522	1
4608	0
5183	1
5242	1
5309	1
4204	2
6660	0
4736	1
1032	55
3085	1
4576	8
6367	2
6461	5
4783	0
5873	5
6028	1
7330	2
4897	0
4441	188
5956	0
6213	3
4971	1
923	0
6486	57
8211	10
1915	27
6129	0
7818	15
4153	1
4324	8
6457	1
6600	61
7082	1
7178	1
5405	3
962	3
7290	0
2978	4
7677	8
7545	1
5139	8
4170	0
1820	90
8215	1
7006	1
59	95
2088	4
3922	13
3552	1
1403	70
4670	1
1959	1
1596	43
4805	2
4662	91
5127	0
2218	1
330	0
3313	7
1654	35
6702	10
588	23
5161	1
2794	77
2040	0
7910	54
4867	1
6413	0
6710	2
6184	2
8131	0
6504	7
4136	27
5980	6
2775	179
2905	2
4282	5
3803	69
4375	3
7919	3
3465	4
3877	10
7754	1
714	1
2349	2
898	7
938	5
6912	3
150	41
8212	49
5512	1
4845	1
7045	36
7155	1
4379	5
823	20
6902	20
806	13
2025	1
4738	1
5600	5
3521	23
4582	4
7245	1
5804	88
2616	1
8047	17
3149	1
3698	0
216	28
3389	2
3658	38
1987	36
936	24
2292	1
6608	16
5046	2
6645	2
1919	248
2542	158
8054	2
8033	0
7524	1
1259	60
8119	1
5029	21
6032	132
1933	1
3529	71
3509	0
6072	45
6034	1
6399	0
7887	1
2504	179
3640	1
6279	0
4206	1
3630	30
5053	53
2498	1
2153	4
2471	1
4630	2
2893	1
8121	53
1468	52
5494	1
4331	4
2034	1
4755	1
5078	3
6143	1
2400	58
4169	4
3216	1
7121	6
4240	2
2585	160
5963	56
4447	12
3916	25
294	0
6596	151
3702	1
5534	11
6441	47
2892	1
5406	2
4192	7
7708	0
6726	5
1804	1
1229	1
2691	39
2409	0
7401	3
3453	299
7059	11
1692	20
2687	24
5355	0
5020	97
766	709
1599	3
6042	1
5083	40
3499	1
4940	74
555	3
2910	0
935	65
3246	2
5580	1
6737	33
816	25
8183	1
1277	8
5377	1
1393	52
1106	1
5099	9
3023	0
4605	1
703	1
3456	471
611	18
6797	1
3535	5
3049	0
5657	2
7501	1
5070	3
7477	0
4714	3
1125	51
1445	1
3444	0
1836	92
16	16
1382	33
6280	31
3926	46
6676	5
6414	89
3657	1
7866	1
2167	1
6501	51
6427	0
5153	5
1512	0
4404	0
4785	1
6728	1
720	1
248	0
6150	1
7579	5
6152	1
3098	25
2061	4
6507	1
2494	0
8297	18
3748	101
4097	1
965	0
383	19
1066	5
736	3
7802	1
2623	99
6978	0
6144	1
7732	0
967	63
627	15
4110	56
144	0
6958	1
1525	76
5126	3
2774	140
1365	7
7174	1
6866	4
1509	1
2508	106
3819	9
6904	0
8253	1
6139	1
4306	1
1094	2
6235	1
7599	0
3813	133
5650	29
2384	112
4228	3
4664	5
4587	121
6118	2
7902	18
1108	0
4476	1
4795	142
4603	1
401	1
36	265
3012	1
6190	2
827	12
4717	136
7513	1
5448	2
5496	0
6713	4
6543	0
4516	0
1276	1
5192	1
1746	35
7318	0
4319	4
7669	1
3583	3
1051	48
5335	87
5696	49
2018	1
7534	0
2177	0
5185	120
6227	56
4144	38
7638	0
652	2
4340	1
8194	1
4011	98
7253	3
6747	3
72	175
684	14
3696	0
3595	2
265	30
7268	1
2894	1
904	96
3466	12
2863	5
1823	75
6395	1
5543	270
7924	42
340	30
2480	3
4763	1
1052	2
146	1
6498	44
3305	2
8023	1
7957	0
741	4
5964	0
3633	26
4224	5
7626	1
6128	2
7753	2
7510	59
1536	1
274	24
6570	36
6456	3
6057	1
2857	1
6407	6
6007	3
2328	469
4765	2
3686	3
1478	2
7144	46
2126	1
8108	0
2643	69
3720	41
2228	1
163	22
4696	1
2599	46
3847	50
919	1
7183	6
5045	2
1784	1
7291	0
391	33
7056	29
1074	77
245	1
433	12
1446	19
7795	49
3099	28
6880	1
5903	1
4232	2
6164	6
6686	1
8038	0
7265	1
1484	52
5148	35
6333	2
6453	1
2650	3
6274	6
4863	0
5241	2
6809	5
5204	68
2785	72
5491	1
2192	3
7759	4
8057	1
5210	99
3729	12
679	3
4247	111
252	37
2647	17
7881	0
937	104
774	1
3200	17
6391	1
5687	0
3011	1
5578	1
1175	2
1000	70
4248	1
8111	0
423	6
8096	1
7430	0
4070	56
1756	82
3377	4
434	6
1472	1
854	56
2388	1
2023	1
3636	11
6134	6
3671	0
5130	75
3355	3
5199	84
1326	18
7451	1
1969	50
427	27
4954	0
706	80
486	0
5624	75
5842	0
3903	72
2516	213
5944	1
2032	1
4200	4
966	20
5747	2
3601	41
3021	56
3454	216
2630	2
4246	0
701	3
4155	0
872	26
1035	66
4424	59
5592	13
2497	37
5449	82
4393	1
3300	5
7762	1
118	0
5961	9
7229	5
7909	0
963	27
2289	68
4884	45
6588	0
808	2
1088	1
1505	3
6410	1
1984	14
7212	1
4583	0
5392	47
6920	0
338	16
4343	4
344	3
4538	1
5459	175
3894	1
4448	129
2411	186
1375	31
1432	6
3667	5
3151	1
1255	1
1630	2
917	1
4274	1
2499	7
7262	10
3987	0
3479	124
4977	23
4326	5
4851	2
7783	1
3492	1
3495	1
5354	2
5542	1
3568	260
7357	5
4412	13
553	19
147	63
581	12
6611	11
2566	6
3055	42
2620	86
3777	7
7149	1
56	143
5262	110
3923	1
3264	0
6869	74
2011	2
6639	0
1688	117
6472	2
6643	1
3250	2
1745	1
1028	6
1411	19
7400	69
5637	58
2830	75
5673	0
1667	32
6428	3
6711	7
722	180
112	1
1828	2
7595	1
2922	46
2754	48
7092	209
5181	29
5423	122
2919	2
3369	0
5351	0
7580	7
4778	1
5812	87
5001	1
6334	39
1585	181
3540	2
4457	1
26	90
7644	1
5934	32
534	3
2286	6
7390	18
6468	1
5591	21
8042	55
7777	1
1304	1
3060	4
1822	10
4098	32
837	16
3062	30
5919	1
2753	0
6604	1
1960	1
8244	0
3705	2
6627	12
6798	1
6229	58
1014	41
3526	6
1274	1
4733	4
3901	1
4927	1
871	97
1527	0
5419	8
8130	1
6628	4
1570	4
7162	2
8213	1
7404	1
351	11
1555	111
4600	127
424	6
5588	0
6924	19
4148	4
7904	6
2262	0
1055	163
3091	1
4883	4
2108	4
4474	2
249	13
4620	1
7168	40
2470	153
5431	1
1114	47
5850	11
4893	5
657	18
4398	8
4824	136
4831	1
4636	0
4789	2
971	97
8068	0
4488	71
5733	1
3742	1
2338	55
5289	53
2073	49
7920	1
6312	3
4365	46
990	1
2295	1
8232	1
524	12
3225	13
6489	2
7316	1
4588	18
6646	3
7877	5
6632	37
7060	1
4504	1
620	10
7134	3
254	15
166	77
742	111
1532	1
4030	0
1208	1
2378	5
6060	1
5815	4
2991	16
3306	2
6291	1
6017	2
5824	50
4383	3
2206	8
7484	3
913	29
7829	3
3997	1
8170	1
3448	3
3197	4
2426	4
7002	1
6048	1
2877	58
7998	1
2719	20
3152	1
7226	3
6859	10
7724	0
8146	1
3206	0
4719	63
4327	2
389	4
1793	10
6344	3
3073	70
3461	49
1419	78
2924	1
3346	37
286	16
7738	2
3697	0
3496	7
4071	81
826	245
5142	4
1460	1
7658	1
5314	1
3006	29
1946	1
1368	12
2952	1
6960	1
7642	2
8132	0
4726	12
6162	0
2179	1
7302	2
4334	1
803	35
7015	1
4313	1
7145	1
3451	49
6083	1
6327	155
314	10
6858	0
2121	1
3974	0
7696	3
4197	2
7841	1
7378	84
4475	1
2842	93
325	58
4654	4
5466	36
5013	6
3932	4
1691	47
2824	0
6273	1
5337	1
130	32
403	69
7137	0
4269	62
7788	43
4187	8
4338	96
7133	1
3104	0
5730	1
3409	1
8229	0
2887	1
4988	22
5286	6
2739	1
6313	1
7064	1
1580	40
7980	2
7800	1
2076	31
994	75
4554	1
5017	4
3354	5
1858	44
362	12
1459	1
6845	2
7156	1
5003	2
7176	3
4009	3
5471	0
6802	1
1180	0
4063	26
5178	132
7423	2
6767	2
4477	1
2586	2
6673	1
5363	0
4152	34
6526	6
1948	8
1588	1
3887	33
3562	146
7186	4
8163	43
851	2
4106	1
4611	1
4870	1
922	194
2219	1
7062	3
2082	1
7017	1
7874	9
6091	1
7660	1
6157	2
3755	38
6764	1
4740	1
347	6
1686	1
1524	27
3872	10
5794	1
7992	31
4543	1
7422	29
6529	1
3693	0
7933	3
3579	0
8236	1
5667	4
6774	129
4292	4
2243	1
5072	65
4617	1
3462	36
4993	5
3888	3
4953	50
4401	59
3576	10
1343	2
527	1
5572	1
3378	37
4945	0
2451	3
3015	80
6170	41
3363	0
5473	1
5745	0
4254	0
6478	1
7735	1
2052	13
7441	3
1897	1
6965	0
531	0
7954	1
7217	1
678	0
6439	1
428	14
5611	1
4950	1
2296	2
5838	2
465	91
7283	1
1467	8
6340	0
3404	154
654	1
7720	0
1551	1
4557	23
6612	5
3537	197
2102	90
2570	33
6023	28
200	0
5328	1
1996	1
6609	2
448	0
2851	137
5138	1
3230	1
7449	22
4127	51
5703	1
6847	1
2652	0
5886	80
4163	2
986	50
2318	0
3126	6
8172	1
6566	44
2779	1
370	43
2447	1
552	2
7578	24
4208	1
591	2
2728	1
1004	8
7733	42
3714	15
7094	27
6682	0
2778	16
3515	0
4308	2
1067	0
1693	6
1120	1
619	1
7707	39
769	178
687	0
3307	70
1594	108
4980	59
1086	8
388	1
2044	1
5555	0
1506	67
154	70
883	2
779	12
1766	19
7736	2
3433	55
5500	15
2496	1
749	97
101	12
8106	1
5468	7
3864	1
2441	1
310	279
3007	79
5058	20
3548	6
2055	6
38	26
2653	264
6723	1
918	40
5940	12
7955	1
580	28
1609	1
5239	48
4015	2
672	1
5992	1
6895	6
291	32
3022	1
1379	1
2321	1
477	3
8235	1
2091	40
7964	8
1576	0
856	91
1583	103
6890	3
903	0
2822	108
7219	1
1102	13
106	6
1930	1
3357	1
6565	0
6734	2
8086	1
6037	0
6374	1
6568	0
5062	1
2921	2
6615	119
7576	0
2864	1
2704	40
2143	1
3255	4
99	15
3643	140
1582	9
2249	38
159	0
6878	1
331	2
8050	6
993	414
7126	2
1077	0
1469	4
5372	1
6530	0
869	9
1271	2
2888	1
7704	1
4162	88
5317	10
1373	3
2807	4
5765	1
1206	1
4790	1
3087	7
15	292
3053	8
4641	0
5114	2
1781	58
6979	77
5536	2
4672	1
6220	13
5852	1
7282	2
7184	1
4523	1
3164	34
5011	9
3565	1
870	37
202	3
5891	54
1386	56
5489	10
1016	1
5015	9
6811	1
307	4
6183	1
187	32
3449	306
4906	2
1148	1
7751	1
6185	1
6262	45
4222	28
1837	36
1647	15
4482	44
2406	2
1497	58
5603	1
5217	17
3096	3
7373	38
514	6
476	1
2838	27
5583	2
8233	1
4698	1
719	34
227	30
7371	2
5775	116
5899	2
1490	27
6807	1
3452	161
1340	3
6484	10
1218	31
264	1
707	137
6297	0
7756	2
7639	0
3937	41
590	40
5290	1
1788	27
5915	39
1333	2
5367	1
752	1
2026	1
1611	1
4631	2
6546	2
7860	42
87	165
172	120
5941	1
4310	355
3392	26
2203	1
367	4
115	0
3410	0
4704	1
6581	1
8094	1
1026	99
4556	0
6854	1
2584	1
900	5
1361	0
5561	2
604	21
181	2
3242	4
1983	16
1705	98
2848	1
3628	0
6928	0
3891	1
1964	63
4539	0
8204	3
3809	10
4669	9
6165	2
2372	5
7270	4
450	0
156	3
5415	12
164	7
8120	1
5952	14
634	106
1627	0
3680	78
3795	0
7717	2
1829	2
7030	2
4325	2
4933	3
905	1
2398	312
3624	49
387	3
2912	81
5509	46
5284	2
2350	21
1418	27
5658	10
7471	9
6687	1
609	21
2133	123
2390	2
2423	0
2478	2
3589	5
1376	1
7099	15
7350	20
859	52
4841	1
1812	1
577	1
6945	35
7354	3
6348	1
598	1
6469	2
457	640
122	193
8289	2
1211	187
2306	4
5772	14
2953	10
7238	50
6815	3
1538	133
3711	1
6623	0
5780	56
5744	0
7294	37
1638	38
2445	1
2368	17
96	1
1041	31
601	12
372	43
6779	3
5288	111
760	23
2811	62
3965	79
6502	12
352	5
1470	115
946	145
549	62
5563	97
3108	8
3893	0
5987	1
7392	1
3050	4
2085	56
8288	1
1635	1
2947	10
6634	161
143	95
1245	10
6784	155
7090	6
5909	2
137	0
5539	8
1620	1
5173	121
5364	1
5989	1
410	5
4948	194
2760	71
7663	1
658	26
2642	0
366	11
3982	17
2374	1
1124	35
4965	1
3320	7
6447	11
3590	0
8227	1
7613	0
1760	1
7140	0
1737	6
3102	0
1995	3
6206	0
223	17
2491	1
7930	1
6975	7
1914	2
2587	61
1521	166
7120	15
280	98
247	5
5549	7
1590	1
4175	54
948	57
238	3
5599	1
5330	0
31	7
1268	0
8149	1
5958	3
4868	1
2314	1
2205	4
1694	1
2057	1
7329	2
5871	125
5209	0
3081	14
34	17
596	0
5455	7
2537	0
8045	2
4212	82
8263	5
6586	0
7869	1
2258	140
956	65
1354	5
2397	40
885	22
3797	1
6145	1
2150	1
4154	1
5748	1
4199	12
7805	0
7916	2
5638	5
3205	0
5081	3
621	0
3092	110
572	2
522	1
6375	1
2773	1
165	2
2273	42
3497	0
2594	164
3808	1
6202	1
6215	1
3513	3
2190	1
4561	0
3663	1
721	0
3709	7
7343	10
5986	1
1993	3
6351	0
3862	2
8028	1
906	0
7301	84
5935	6
4210	0
6833	73
7550	0
6954	2
5495	4
6051	1
2266	0
2142	2
6744	1
8251	1
5532	16
2951	53
5926	0
2329	38
3383	2
7940	1
3706	1
2224	3
1396	27
2968	90
1476	51
1806	1
3848	1
8080	1
4059	3
7333	0
5793	0
374	3
1242	12
21	77
1260	1
6749	1
1133	282
6429	0
5324	12
4078	3
6995	1
1682	1
7355	1
3464	40
600	247
3547	2
7508	0
4415	15
7605	1
2971	0
6176	2
1230	77
7993	1
480	0
7775	11
5105	1
2881	1
2733	1
1488	0
6822	2
4138	90
786	1
7571	0
2846	1
6092	1
2419	1
1584	1
5721	37
2170	2
3964	0
3889	1
5999	16
350	49
5440	1
5315	1
2252	86
6217	28
2399	2
6758	9
743	15
6298	4
5717	1
119	0
5566	1
5245	6
4181	9
8182	1
4830	0
1684	9
2885	0
6903	0
5201	12
2326	278
7252	1
4744	0
843	1
1039	29
738	7
6657	9
447	35
4066	5
5789	1
1849	33
4384	65
2644	1
3093	1
5427	34
1973	36
3656	4
715	45
8077	1
2417	3
443	1
2814	47
3228	1
217	1
3800	68
5811	95
1561	1
594	1
5200	94
1330	45
4051	9
5265	1
7234	1
2540	0
5238	2
622	9
3183	2
285	24
7491	1
8024	0
8118	1
7267	1
6459	2
302	13
1712	1
5247	2
2667	164
4560	2
4038	1
5528	3
1250	41
7157	1
4708	1
6947	0
345	8
3723	7
39	59
7686	1
4344	2
788	52
8189	2
2473	83
5287	0
7458	1
6534	1
1574	1
7531	1
2575	8
328	10
1658	43
2638	1
3226	1
4699	1
2059	3
4839	1
1158	1
7994	1
4678	0
7597	4
7873	5
3038	1
798	41
6991	18
2741	1
4498	0
1564	39
2156	17
7629	1
2037	6
943	48
682	9
2280	1
1699	1
3493	0
5510	1
3532	2
5404	109
1612	5
5579	2
4779	0
4966	27
5714	148
589	18
4658	0
1038	18
11	738
4394	1
4739	11
2688	516
1906	1
4683	0
2514	1
2288	1
3057	36
995	18
7809	124
8138	0
4806	1
7051	0
5381	3
215	84
523	1
1113	4
204	121
2677	37
5253	1
2145	272
6624	179
5048	5
1643	1
7293	4
7899	1
1613	36
2517	60
2261	0
4218	0
316	3
1783	107
6251	49
1554	4
4444	1
2028	1
681	22
2017	1
413	1
7862	61
2603	1
6109	0
2171	9
3241	1
897	13
7853	2
8048	2
692	3
6503	31
3555	11
5339	3
1965	47
1528	1
5652	0
1595	24
7770	2
7830	1
7743	10
6141	1
5417	2
2013	1
5665	0
8063	3
3822	0
3375	36
1339	4
2818	3
4872	1
386	1
349	12
6328	54
739	48
7675	17
7892	1
2938	1
5533	0
1227	1
5378	56
6680	0
6707	2
7197	1
1216	1
7342	1
7139	2
968	36
8090	0
7701	5
954	8
320	3
5584	65
6325	5
955	20
7320	0
2759	1
4551	47
814	2
5527	46
2345	27
6689	0
1748	37
5063	1
6191	1
6440	1
1679	38
8006	0
3115	1
3014	66
266	13
1388	2
5683	43
4105	1
2610	1
7450	30
5120	0
7637	1
462	2
7737	1
2678	0
6998	1
3284	64
6675	1
2033	13
4335	191
488	26
123	0
3666	125
1663	0
2054	3
5172	18
6982	3
5675	8
4265	0
4803	1
6366	1
1044	27
3577	1
5470	0
1191	30
2859	158
1286	103
4798	54
1429	2
2510	156
1342	4
2149	2
3665	13
3881	1
3219	0
1321	8
6739	30
149	1
1706	67
5942	0
1646	60
319	211
4712	290
4887	0
562	1
2392	0
2767	1
2783	2
1412	25
1029	21
5320	6
5848	50
3155	4
1579	1
3664	46
2341	41
2755	0
3594	2
543	1
5770	5
1232	1
1892	5
6406	1
8001	1
468	0
7554	2
77	25
8134	45
2628	1
1958	1
2047	1
6355	1
1533	2
5301	105
7111	1
3609	3
2112	1
1165	55
1367	17
6066	1
4943	31
3376	2
4312	5
5720	3
7193	1
5300	1
3769	4
455	1
3995	53
5604	5
3949	26
5969	8
5036	3
1683	2
1425	45
606	4
7098	1
7978	1
8177	1
5249	1
1264	1
4295	16
2454	1
4430	4
730	71
5086	1
121	2
4926	5
6577	10
2903	5
756	44
4489	11
3646	18
880	1
2946	14
6330	67
7565	1
3854	137
1720	13
841	22
1355	3
7925	1
1778	4
2549	63
2311	0
8231	1
3202	6
5060	3
1400	1
4355	50
718	1
3931	1
1146	1
731	1
5813	2
6112	1
6605	9
4233	43
1896	50
2703	42
1593	52
3896	1
7443	56
7585	1
1938	0
2674	141
2879	1
1350	114
1402	32
6036	0
5820	19
5264	2
570	3
2640	0
4264	1
1743	1
2433	61
1568	1
6943	1
4615	1
5571	1
3637	4
4567	2
5116	2
5927	8
4120	3
7827	0
3441	0
7046	19
6444	1
558	1
92	5
6573	1
6021	2
7442	18
4369	2
2520	1
7604	1
7146	3
801	4
3638	1
1759	3
3488	14
8140	1
7779	2
3985	26
3560	12
1944	1
104	20
1696	3
6769	2
49	37
1519	1
3353	1
2632	0
1770	0
2479	23
5213	1
438	1
7540	0
6873	38
2582	1
6151	70
2356	110
3620	1
5548	1
2608	14
3084	179
5154	2
4568	0
7620	173
1254	1
1894	1
1096	1
3137	5
6236	1
376	36
7101	44
2692	18
4462	1
5508	1
614	7
1040	1
1929	1
6323	60
3774	1
4535	5
6889	4
2413	2
7115	88
3359	1
641	2
4626	5
5465	35
1046	9
3983	4
6053	1
7118	0
3563	3
5507	1
3027	120
4810	1
3252	33
7803	28
5370	1
1498	55
2841	0
7636	0
3843	101
110	60
4368	1
7447	1
7286	1
1261	39
5631	2
4149	2
1083	2
3927	1
7269	1
3024	151
6265	1
253	1
792	1
6616	6
1726	60
5816	50
2788	4
4244	0
4260	1
7161	0
6013	3
84	1
251	4
582	29
5594	1
4809	0
3048	0
3331	1
991	21
4697	1
6415	3
960	80
139	32
3641	194
6515	1
3455	95
7935	0
1972	231
8020	0
400	8
2505	1
2705	0
45	7
665	75
2259	1
368	2
3066	1
3390	47
5933	38
4311	1
5122	1
4043	58
1190	42
7515	0
490	1
4085	0
4936	2
5387	1
6254	1
3799	6
1867	2
1631	5
3221	0
5438	1
2949	1
5144	64
7826	1
8110	1
6492	2
2424	0
5864	1
221	10
6043	88
6079	0
1436	1
5614	35
8293	128
2793	6
4566	2
3361	0
7482	1
656	53
5251	1
7478	69
643	79
1188	2
1887	2
5694	0
152	61
37	21
295	4
4019	2
3423	0
6974	2
874	0
5040	2
6773	1
7742	1
6387	1
7088	29
5124	1
5686	1
2613	17
7299	1
7979	47
5	22
2457	2
5856	1
5830	1
5277	1
891	1
2364	88
7840	0
5833	1
3278	1
7214	55
6001	49
6688	0
515	1
5345	0
1186	190
1385	100
6738	0
1661	86
2548	12
4373	29
1273	1
5829	78
6005	0
7650	2
2395	0
2135	222
7574	1
4917	1
3713	2
5965	3
8010	2
3393	62
3199	13
3867	0
5090	3
3156	1
1413	70
1650	1
4693	2
7218	1
5839	119
397	1
5187	28
2926	5
5827	73
8107	11
54	47
7942	1
8040	1
7348	2
6527	1
4835	1
5005	0
1194	1
4266	81
4077	63
13	8
4759	0
5499	5
129	4
931	2
3166	1
5552	8
7232	1
5746	1
1844	1
5990	1
4718	31
617	10
8133	1
469	8
4934	7
7335	13
6672	1
5410	1
3787	271
2051	1
1768	25
5938	2
7661	4
3518	5
1839	0
525	0
8073	22
2860	5
6522	21
6349	1
402	47
7719	3
5294	1
2362	1
1753	1
1511	0
2559	54
836	53
173	332
2581	1
3031	42
1925	22
1319	258
7220	1
3728	71
7721	1
4796	63
5787	29
6073	1
7341	25
4455	16
4413	1
7797	0
4960	8
4741	3
1637	41
2709	0
3408	110
3473	85
460	2
6661	2
201	20
7189	3
4652	4
867	1
2544	60
6416	2
4584	0
4627	1
8101	1
4761	1
3373	12
4681	10
1383	4
1500	26
1880	30
3567	29
3477	45
626	85
493	2
2748	1
2109	49
2422	0
6935	2
329	3
1290	15
1427	2
1455	1
2631	2
5792	0
6242	4
5488	1
2446	1
7285	1
3238	167
1619	23
1047	1
6701	1
5141	1
2663	2
2606	1
2865	2
7845	2
3257	1
5166	41
7409	10
7857	1
2698	5
1548	29
4487	6
6026	1
3520	19
5890	4
1677	2
2456	110
1610	32
2414	5
4005	1
5553	36
1360	63
5955	0
58	35
3189	9
8027	1
877	2
1832	6
2669	34
162	3
4321	1
5075	0
1716	7
1875	26
22	2
2500	0
4916	1
2646	90
3841	0
2969	3
3274	119
4511	9
4256	96
4979	1
1600	7
517	14
2254	6
7960	1
6491	6
396	24
6735	1
2555	11
3384	3
3811	0
4408	0
4694	1
3979	3
959	79
1499	10
3434	0
3288	1
6865	16
3906	1
7319	0
3180	57
3285	0
2106	35
3928	2
3955	2
1487	156
5635	0
4833	6
3536	4
3035	13
2077	1
6818	2
6994	21
1257	1
7651	50
4564	30
1223	1
2901	0
892	1
2015	1
4050	1
1169	24
1517	1
2157	43
831	12
5788	4
1734	147
1542	275
6909	1
1437	26
5233	90
1305	298
5818	116
1923	1
1976	6
848	7
4496	2
2155	1
4711	1
4428	12
778	2
1151	517
4994	73
2831	116
6883	4
797	7
3303	1
3745	1
8284	5
3958	107
3514	1
7027	1
1492	251
6302	1
6177	2
2081	1
1485	7
4648	2
4089	3
1394	34
3921	0
332	55
551	0
6257	0
2232	2
3810	0
979	8
1104	0
868	22
1407	46
2488	20
1809	2
1337	1
7296	0
5796	173
5668	1
1671	1
1749	87
1220	11
2495	0
8225	0
2639	0
7084	1
6214	1
4174	1
174	0
3072	24
293	3
5506	43
4320	2
7781	1
47	113
7377	0
607	11
5799	81
3262	8
7131	77
5537	1
4250	2
6269	1
4578	93
5977	3
7298	1
2187	1
5360	9
507	0
3688	3
1785	1
560	48
1195	5
5692	19
1940	0
1334	1
1808	185
1563	19
2727	126
5569	0
6394	6
6346	13
2763	41
3623	0
2967	232
236	60
789	281
3981	1
7295	37
7952	1
7387	3
2256	220
744	5
3232	1
1193	119
5342	22
7427	0
755	0
4869	1
1031	80
64	1
7522	1
7911	1
7884	5
7327	6
5751	1
1773	0
8137	1
4323	22
7879	34
1522	90
6856	0
1856	1
8192	71
3463	62
5860	6
3174	1
5663	1
41	31
8157	2
3203	1
7053	19
5050	7
4861	0
980	0
1210	221
1201	121
599	1
6261	1
6666	4
171	99
6652	1
6033	1
3291	180
2307	17
780	1
1608	413
5521	3
2268	1
4674	1
6148	50
8147	0
2458	7
7557	2
8296	0
1278	51
4034	3
4609	0
7678	2
7417	2
3704	1
4774	12
6301	0
5786	1
1309	1
4072	67
3095	25
10	82
8292	17
6431	1
7986	0
1084	3
5228	0
4542	2
35	175
547	1
645	17
2246	46
7659	6
2840	11
2902	4
2561	2
857	106
2064	2
2890	1
7005	60
3788	2
7365	1
5006	16
7158	1
1725	1
3032	205
3625	4
6156	94
5808	6
3407	0
4259	1
3661	79
6914	135
7119	45
71	69
2948	23
422	16
4165	1
4686	40
2823	0
3317	15
4919	2
7937	1
1547	66
5776	50
3322	1
2740	28
2083	1
2988	56
1381	51
7854	1
2534	0
27	89
1890	1
3385	1
2351	1
1453	92
3214	0
6281	1
5171	40
5347	1
3591	12
3508	7
2789	3
5946	3
1215	40
3530	2
3645	120
6097	82
7337	1
3679	2
724	3
7996	1
2536	0
6015	3
616	12
1986	13
7344	3
5035	1
6835	1
479	6
998	25
7868	1
394	19
2982	1
2360	2
7009	1
2552	3
6886	6
5263	101
5150	14
3146	1
6547	1
3381	214
2270	1
7389	29
7814	1
4139	1
2935	30
4173	2
5097	1
2094	1
628	16
2357	12
1187	1
1827	2
5160	9
2324	88
4400	117
6654	1
6636	0
7512	25
7043	9
928	31
3271	2
404	5
7890	71
1604	26
1501	49
1902	1
840	55
3471	2
3558	1
2437	3
1678	8
3845	7
3266	0
1937	6
1090	2
5945	5
6077	1
8179	1
1311	2
1932	1
8256	1
5298	0
2825	3
649	15
2481	8
1045	1
2147	1
7276	5
5993	3
1931	14
5878	1
6539	0
6533	1
4911	2
1838	54
976	1
1762	37
2615	3
3593	26
6907	246
2030	1
1167	151
4534	70
1331	6
1872	4
7619	0
1495	10
7455	3
2214	3
7172	2
1641	41
3374	3
1889	1
7666	15
7839	36
2519	1
4076	52
542	7
7865	22
5669	0
2459	1
4890	0
3764	6
1377	68
1410	1
357	2
379	21
6045	3
3111	1
2163	2
1405	1
4880	0
5303	1
3134	1
1060	1
3276	137
5863	41
5229	0
7085	1
2428	0
2992	1
2197	3
6968	0
5232	1
292	5
6182	3
7074	7
4574	113
6018	1
25	64
4792	106
666	2
2371	176
2334	1
1618	26
3332	1
2492	1
7497	19
3619	1
7273	0
5797	3
732	3
6803	14
5854	1
1602	1
5080	2
3669	0
1655	1
1660	1
2880	25
1435	0
4056	20
3760	1
5943	0
2090	1
7310	0
40	11
4793	2
7912	39
3298	1
3839	5
7281	12
5327	26
429	24
4341	39
655	0
2323	157
6933	3
4896	0
6913	122
233	1
6517	2
3617	0
3128	1
3165	1
5152	4
421	10
5136	1
4130	2
8098	1
219	18
1322	60
4201	57
4862	1
6777	2
7646	39
7959	1
1926	1
5446	21
7583	0
3851	2
4471	7
3962	99
2576	310
7188	12
3805	1
4935	1
5950	13
7602	0
5753	51
4507	11
4348	0
4069	1
6946	144
6794	1
5343	1
3660	117
5467	0
2001	99
3907	1
6135	1
2999	59
4422	50
5412	181
6006	154
451	0
5757	1
3302	1
6451	1
1359	2
4284	1
1225	1
6996	1
1852	0
4826	1
6950	0
225	1
6963	1
3153	1
5524	545
1212	2
3068	3
3002	76
5587	0
277	0
7227	9
3762	8
2221	1
7018	1
3653	2
6699	44
8276	2
5661	1
2702	39
4150	13
7609	2
7381	60
4987	2
6860	49
6160	1
2176	3
1550	40
1970	1
8243	3
521	5
8112	0
8081	1
4695	1
3140	76
7271	2
288	0
7106	4
726	2
8070	1
1810	1
5274	0
5513	2
2530	0
5841	1
4644	1
1769	134
2210	107
1457	5
972	36
3673	5
1308	4
7472	1
4277	0
382	1
2041	5
5308	5
3986	1
446	1
3784	0
7821	1
3592	1
7934	0
6376	0
3898	57
729	1
6010	0
2672	12
4598	34
2068	2
7769	19
5821	18
7932	1
5920	9
1729	84
1846	1
1644	46
4591	2
5326	3
5306	1
5884	2
3339	1
3190	4
5622	0
1841	0
7284	2
1205	1
2562	1
1107	0
2092	8
3635	102
444	2
3731	12
5689	1
4275	4
7485	1
1280	2
1284	74
399	6
3256	20
2899	1
822	27
268	3
2598	5
7359	0
4751	4
8021	1
5177	92
1922	126
3941	0
695	87
2277	8
3743	8
3403	0
6380	4
5819	103
513	2
441	1
7222	1
6877	1
3876	3
1214	2
4791	17
2429	0
7684	2
3920	6
4223	5
5476	1
5069	4
1312	1
283	2
4640	1
179	15
1482	104
3599	0
7914	1
4207	0
4909	2
4352	1
4483	214
3397	2
157	41
1767	75
2462	3
2196	3
3613	1
2529	1
2954	1
1042	38
6772	50
6275	0
6223	12
7624	58
688	5
244	3
3367	3
5554	0
4485	72
564	30
1831	4
4508	1
7089	1
3458	102
6120	1
6765	33
358	10
4229	4
5643	3
371	141
2970	1
7019	4
6106	0
7386	33
7716	2
3109	4
750	25
713	2
6454	1
4937	14
5484	117
7175	1
5960	3
7171	6
4834	1
6470	1
1526	4
6377	18
4116	8
8197	1
5362	0
4996	0
1270	0
632	1
820	25
2217	6
8104	1
773	1
8009	1
2592	68
3281	0
3952	1
6239	3
7315	0
4257	2
3863	5
4671	6
1109	0
4431	4
7974	1
1005	1
2099	21
5398	2
5140	91
2487	1
3398	1
8092	4
4065	161
5570	0
3550	1
1374	448
3694	0
7461	1
8282	7
6633	1
4923	0
4035	1
2884	1
175	10
1126	2
2461	1
7493	2
6846	6
8150	0
1313	0
6731	1
3971	5
7236	16
6110	1
3240	1
3542	4
940	1
2045	0
2565	1055
6074	1
5923	2
1813	33
1971	0
3173	49
1744	60
6752	1
7855	52
893	44
3196	19
7431	0
289	0
2342	5
886	2
5932	73
1866	1
3016	2
1761	1
3634	162
4074	33
7514	1
3243	11
2578	13
5764	1
832	2
378	17
2872	54
3531	1
2634	0
889	1
6108	4
1285	70
3272	2
93	7
5012	37
7143	44
5648	1
5515	6
6508	1
4122	1
2115	12
1463	22
127	101
23	70
57	12
4509	11
762	248
3678	13
7967	3
1739	1
4451	6
7326	1
1019	0
2297	253
5103	166
85	1
1803	20
910	2
716	1
6422	34
5106	88
5490	1
2159	7
6594	36
878	35
2404	1
1071	1
7922	1
7254	0
1366	1
3689	1
7457	1
2137	26
2929	1
6870	3
3960	11
1912	3
3682	20
7833	58
1021	1
2301	1
7016	1
4252	5
2467	1
7614	37
1649	24
2675	1
1775	1
1888	101
4985	1
2440	118
1316	7
1543	0
3959	1
5855	8
4876	2
4479	0
297	0
454	6
4219	115
5697	285
4716	1
725	22
7353	1
1398	1
5208	1
7527	1
3726	51
20	154
492	1
44	43
6098	62
1397	1
5832	0
5332	6
5917	0
2294	11
3175	34
4093	1
53	25
78	26
8222	5
1908	55
235	2
1221	88
3070	1
3349	9
7834	1
6505	67
1798	29
28	229
844	66
4855	2
1222	38
759	55
4813	45
4510	59
6971	5
4818	15
3268	1
7351	42
3603	10
4442	15
7023	4
373	20
2572	7
2111	4
1095	10
5962	0
3687	1
7848	0
5828	66
339	98
5519	1
5100	78
7201	3
1448	2
7956	1
5973	13
5043	3
3224	0
2317	0
4047	1
3735	1
6721	1
2637	1
322	33
8124	25
1111	99
1675	2
4205	2
5545	55
6590	1
6174	45
3176	5
6055	0
920	10
2962	1
1772	165
8049	1
4377	11
1143	15
4432	55
7726	39
3172	13
5222	51
3310	56
2172	24
5577	0
4703	1
5175	20
3486	2
3184	1
2439	2
8069	4
7831	1
5188	279
1378	72
6224	0
7057	100
2612	76
3939	0
6923	3
2933	1
5390	2
3490	2
1895	1
432	205
1787	41
6263	4
7941	1
7752	2
7931	2
5260	1
4111	11
587	43
7758	1
4528	51
5771	3
5356	1
3468	3
3869	5
1615	109
1581	1
6567	7
7745	1
327	7
1632	3
5623	1
7130	2
5474	6
4677	2
1147	3
4856	2
5991	1
8169	3
2850	1
2412	3
2449	2
5936	43
1139	2
178	87
341	24
7975	1
1687	9
2151	55
6393	1
5145	0
1053	48
8190	4
7792	7
6000	40
1873	1
7645	1
3424	0
3042	1
5129	0
568	1
2979	10
2202	18
5197	3
4490	1
3475	1
5576	1
1573	50
6518	30
6038	6
7383	1
5718	1
2236	75
2724	19
5487	38
2343	4
2955	65
2060	12
6955	54
1704	1
218	1
812	3
4007	9
3318	0
5388	0
1247	115
5067	2
7114	1
3722	0
3662	4
2729	1
1456	1
6595	49
3605	1
2977	22
7625	5
5194	9
3580	59
3767	3
2110	3
6621	0
6665	141
3904	1
1203	59
929	6
6834	2
930	5
3615	215
2309	3
17	40
3604	1
126	23
2725	1
3101	2
5741	9
5483	1
2165	26
6997	1
4752	1
4750	3
4938	59
6321	0
3212	0
6791	0
3459	220
4049	1
5966	4
2573	1
1387	1
6810	1
8260	1
6514	1
6397	1
686	77
4298	19
141	0
3917	23
2084	8
395	37
1757	31
3436	1
6532	1
7773	1
1012	2
5088	1
7237	58
5346	0
4179	98
5018	1
860	7
5601	0
4756	32
6980	65
5430	69
7945	4
309	1
208	3
8246	1
689	27
817	66
1607	2
6757	0
6759	10
3294	0
6824	0
4852	3
5310	0
3606	1
1545	0
6142	1
2189	1
540	1
5469	0
2522	1
2373	3
5639	8
2939	5
5514	1
7223	1
317	176
2434	2
6990	1
7323	2
2340	6
642	3
8144	0
138	69
6658	5
5803	2
7173	2
5740	0
3691	119
4575	2
4372	0
4858	0
7970	0
5047	1
705	36
595	1
3524	1
3642	291
8196	1
3918	4
2567	3
5313	11
3234	0
5861	2
1399	1
7080	58
7782	1
7086	111
7851	1
3695	0
6222	1
6717	3
6638	1
7528	1
3849	1
2339	34
4811	51
4278	0
2195	0
2670	3
197	6
5704	2
4875	118
4983	74
2679	0
2348	14
2141	2
4125	2
5348	0
2086	1
4735	130
5660	2
1814	155
1861	9
4053	2
662	2
1135	112
4646	6
7618	48
751	1
6585	1
4403	0
82	1
4837	2
2636	1
3039	14
2684	1
2524	4
276	4
1252	2
6922	1
3026	261
6475	0
7225	57
4782	2
5897	60
2964	59
3610	4
4454	1
6587	0
6812	1
2113	5
4178	1
5998	129
4024	11
2332	43
763	99
2265	0
439	77
5908	3
3405	1
3150	51
5802	287
6093	5
8241	2
6755	4
3370	0
2734	0
5649	0
2010	11
6969	0
5227	0
8174	80
5708	7
2511	51
1034	67
419	3
3675	1
1234	78
1962	27
7456	1
3076	1
1714	34
4346	0
2721	24
7124	1
3267	1
4913	1
7211	1
1730	61
2713	219
1112	0
3836	1
2796	3
4859	29
1292	5
6078	1
1182	5
7634	1
3028	184
3961	16
2583	2
5174	6
4397	1
6225	2
4129	1
4109	0
5613	0
2333	32
3207	0
7003	1
4434	2
7277	58
3886	1
4689	35
7921	7
1152	18
3352	440
6047	6
6881	0
7251	1
3650	104
2973	71
3523	15
3692	4
4083	0
1085	3
4164	3
7564	30
8274	0
4068	8
3930	5
2805	54
417	83
4096	1
4661	84
7153	7
5739	111
3379	19
257	27
8161	1
6671	4
3213	0
5087	1
5375	11
381	2
7949	1
2676	3
875	0
169	3
4241	1
2244	1
835	0
6003	1
4577	2
7750	1
5558	2
3222	0
7966	1
3909	1
2866	4
1552	50
6408	1
1291	94
4469	1
6826	0
4526	2
6245	1
287	0
771	20
810	35
3249	3
2975	2
5511	23
128	52
8153	1
1452	1
5117	1
887	56
4901	2
3133	1
4080	1
1968	1
6153	1
4042	21
2577	2
6286	3
6059	5
1159	36
2744	36
2833	7
5606	23
3522	53
111	27
5439	81
6166	33
3314	1
6572	1
3061	2
7518	1
1955	0
5485	13
224	26
4445	1
7842	2
5988	4
6299	174
5118	9
230	39
3388	11
7852	0
6571	3
7536	1
7007	1
663	176
305	6
504	1
3730	1
136	64
3582	1
2251	110
2014	56
3763	1
1840	0
2862	4
1945	2
4707	1
2308	1
4225	0
3469	21
6019	1
209	9
4982	27
7347	1
1464	54
565	1
445	4
5111	3
4140	10
7608	2
3834	1
1258	1
4126	2
7010	1
4822	2
1819	1
2731	0
458	3
5057	0
7151	0
6452	1
3394	180
7915	1
795	77
7913	0
3033	112
5428	3
3131	1
6790	75
3362	0
1323	8
4493	0
6900	29
2330	2
6552	61
7159	1
3544	3
2312	0
7569	3
3561	2
7676	5
4217	0
783	1
544	2
4380	1
7117	2
7939	1
7100	15
5529	79
1794	25
426	26
8254	1
8062	1
4999	73
5032	1
7287	1
2066	213
2521	1
6208	2
2375	96
2173	1
8071	1
2229	17
6599	43
723	26
6617	1
765	96
973	1
2366	13
2695	6
6317	3
6714	117
7517	16
2556	1
2316	1
5911	0
2415	0
7492	3
1853	0
3771	2
5691	49
7757	51
3812	128
3391	4
5146	0
8294	66
7695	42
4436	2
4411	0
8184	0
6378	1
4922	1
3765	1
7436	3
4417	37
539	2
8037	30
2071	68
3618	1
4092	1
6816	0
6016	10
2685	70
1442	38
3564	2
2682	1
3510	1
2568	1
7110	5
2513	1
693	1
1732	34
2801	27
3193	2
4821	1
2545	7
3715	1
675	25
4345	0
7828	0
4771	2
4176	1
313	87
1636	1
1771	0
271	246
2791	15
2079	30
7041	1
556	117
818	2
1198	2
4544	0
2087	1
1811	82
7028	1
6756	0
4991	0
4347	33
4235	2
7079	1
3047	10
5877	7
2009	46
4853	3
8058	0
7767	2
5028	111
1137	126
1018	46
1299	4
583	9
996	279
5022	296
2914	8
7180	2
5610	2
4553	2
908	62
3429	0
2780	3
2605	108
4418	0
1651	1
2827	1
2346	3
4757	6
4189	27
2285	56
6544	1
4527	45
7616	2
3231	1
7014	2
985	34
2012	3
7697	12
3435	40
949	9
7047	171
3334	149
511	1
4864	4
5382	19
6062	2
838	56
6724	0
4801	1
414	2
4502	2
7806	2
3344	1
1115	1
3585	2
2182	8
5358	1
2427	6
5659	1
3443	132
6542	0
1248	70
3296	2
1558	1
1681	2
2776	1
3235	8
5128	0
116	0
2558	2
5215	26
2541	27
5385	1
3494	0
7240	1
981	39
1001	1
1859	40
754	0
5888	1
3970	69
3340	3
346	53
4141	5
6187	1
3885	45
4045	244
4064	1
3747	3
640	3
6836	1
3227	20
2416	47
3724	104
3312	1
4198	1
6942	2
4188	1
5752	1
8286	1
6519	1
1307	68
1701	143
6272	125
3158	1
4749	2
6782	1
3968	1
674	29
2627	0
4147	2
5155	68
3008	0
132	47
1155	1
2322	91
4128	9
2832	27
5282	4
4816	1
4594	1
4532	6
3718	1
134	0
2507	96
4920	1
3754	6
7452	2
3554	26
7863	1
932	28
5380	2
1093	2
4435	40
6589	27
2659	5
4119	5
6677	1
4238	1
896	78
2654	236
5516	2
4209	0
1328	1
852	26
5636	0
81	3
3806	68
3648	3
6993	88
6500	5
5216	0
2125	3
4336	1
4117	8
6331	3
3211	2
1676	1
3832	0
3487	1
3882	0
2694	17
1166	458
334	82
4787	1
3089	256
6832	165
3873	76
90	64
4820	38
6575	1
6247	1
7362	8
1110	0
804	6
5662	3
497	1
311	358
6485	1
865	45
2049	2
7199	1
3581	1
1711	7
267	1
8079	1
3001	5
1154	15
7525	1
8103	1
5688	0
2093	52
2918	27
975	38
273	12
3457	97
5573	0
4973	7
3956	104
5768	11
5322	1
6304	1
1443	3
7765	1
6004	65
1213	1
502	2
5135	0
2972	307
60	9
4131	1
2120	151
2161	1
1430	2
5866	1
4692	1
2700	161
3094	5
324	17
2651	346
2212	1
4723	1
6736	63
4942	4
1141	14
1869	4
8084	1
5104	3
1572	0
4289	52
5460	1
5352	2
7511	14
3830	68
3051	1
2485	445
1440	1
6537	1
1876	1
984	4
6848	6
6436	0
1713	1
1434	1
5396	9
7905	1
4342	8
260	7
7772	15
1310	65
6490	2
6240	1
7755	10
4439	1
8085	16
1764	1
2069	17
4687	89
5925	64
2986	3
1480	44
4135	2
7789	1
1070	1
5709	4
2476	35
1061	24
6464	1
538	10
3506	12
6124	71
2394	0
5207	9
3902	16
5091	1
3712	1
1909	1
4220	9
8152	10
3478	42
4944	48
5598	1
3621	1
7486	1
5456	1
924	0
4946	1
4702	1
6216	5
2768	56
7801	1
3829	1
2614	4
2781	7
6641	0
7885	3
6697	1
2960	1
48	17
4354	4
4700	1
8193	2
7035	2
4737	2
1752	28
6948	17
3976	130
4438	4
6681	0
1648	59
7415	4
4237	1
7230	4
895	51
4607	1
303	1
5565	3
6684	0
4536	190
4908	1
2839	5
3201	0
158	2
14	106
6911	2
2276	103
3914	0
4123	23
7706	2
6200	3
4466	4
7414	94
2765	67
1657	6
4905	2
3842	47
5497	0
3897	197
5071	1
5243	11
4645	12
161	27
2380	1
7683	37
2242	4
4151	79
1901	30
7927	46
5376	1
912	8
2907	2
7036	2
3004	3
4364	14
5807	34
4921	1
7481	1
2199	1
2389	1
5685	0
3647	13
1238	1
2367	8
6892	3
193	19
7103	1
2730	1
7774	30
5457	37
7586	6
1690	2
4797	40
5180	47
7071	4
746	28
4104	2
4846	84
5295	67
3578	1
6188	1
863	32
4166	1
3858	1
3480	98
2355	0
5182	73
4137	6
2002	0
7096	1
3446	0
862	3
7728	1
408	1
664	31
1825	1
7875	1
4885	3
7416	1
5617	7
7049	27
6180	3
677	37
440	24
411	1
4381	1
4062	4
6252	1
359	1
1758	45
2509	7
5321	76
1642	1
7632	165
3343	10
3512	8
559	42
3948	10
67	13
1352	181
18	8
6445	7
6999	1
3683	7
2595	102
847	1
1025	1
5164	2
4754	0
5707	4
6607	3
6417	65
5589	10
3933	0
63	1
5647	3
4675	1
3399	3
2175	0
5240	0
7744	49
7204	0
673	45
7533	0
7950	1
2802	3
6618	146
50	43
6276	0
4090	1
160	0
3969	97
1235	20
3782	2
3835	38
4655	1
7780	3
5520	2
944	5
2169	32
7553	129
4879	22
2853	0
578	1
8142	0
2464	0
3707	1
1989	1
4843	12
8175	0
3401	1
1356	18
5125	16
2502	22
5907	1
1130	1
2835	1
3991	4
5189	296
1848	46
3584	1
2058	1
8261	1
4854	2
3154	1
4014	1
5615	1
1723	76
4649	1
5054	2
232	39
6052	1
5435	0
5447	1
567	28
4529	3
7611	0
7544	38
1722	14
3883	1
7192	1
733	56
4492	2
3684	1
6296	46
6953	14
3491	0
3117	143
7549	0
4143	1
6379	1
7459	1
3425	1
4495	0
6205	0
6133	4
3210	6
6116	1
3677	2
4638	1
3674	2
4709	99
8186	0
284	1
1357	204
300	13
7109	2
3258	131
5191	5
4725	33
6155	1
4353	69
2867	1
2895	1
1059	3
4464	1
1320	6
7766	13
4263	66
3751	10
5220	1
6536	2
5275	2
6867	4
7129	6
5357	1
6178	1
4760	5
717	10
6347	65
5198	5
6578	1
3746	1
3163	1
1905	1
2103	2
6718	1
7397	1
7004	1
5760	83
5039	7
6487	3
916	3
3412	0
5162	41
6081	3
2472	76
882	21
3119	3
1064	14
6389	0
3217	0
2580	21
6130	0
6497	1
3350	55
1098	260
5002	244
6421	16
2809	48
7813	38
781	5
3188	8
5735	0
4307	2
3870	2
1747	27
4145	2
1335	39
7903	4
6035	1
6930	58
615	27
3814	24
4823	1
2989	10
5037	75
5278	1
2452	29
2557	77
5454	70
4947	8
5778	0
5418	1
1865	10
2782	1
4882	5
1924	2
3105	1
5073	57
5738	20
4660	1
5947	75
4486	9
3097	0
5896	3
5504	2
3890	3
5452	68
2931	2
4108	0
5985	1
8066	0
6844	1
377	28
1048	2
321	64
2738	3
1449	1
5931	0
390	13
6064	4
6821	1
605	1
5296	15
8158	0
1535	2
6727	2
2225	145
5252	0
1911	1
1275	1
5400	4
4817	1
7509	1
5607	1
6521	1
853	49
4378	1
5399	8
9	74
2858	2
6147	1
1300	1
4453	30
8242	1
5254	229
6282	0
1614	71
6516	1
7537	1
6805	1
1939	0
