5988	7060
5989	7047
5982	7060
5983	7047
5980	7013
5981	7064
5986	7047
5987	7047
5984	7043
5985	7047
6797	7059
6794	7008
6795	7065
6793	7008
6790	7058
6791	6994
6798	7059
270	7065
271	7013
273	7048
274	7060
275	7022
276	7060
277	7052
2143	7053
2142	7057
3519	7045
3518	7059
3513	7064
3512	7061
3511	7024
3510	7024
3516	7011
3515	7055
3514	7024
2688	6687
2689	7038
2684	7062
2685	7061
2686	6918
2687	7001
2680	7061
2682	7062
2683	7047
99	7034
98	7059
91	7058
90	7001
93	7051
92	7065
95	7025
94	6871
96	7027
1177	6960
1176	7024
1175	7024
1174	7024
1173	7024
1172	7024
1171	7024
1170	7050
1179	7026
1178	6960
7188	7060
7189	7064
7180	7049
7181	7059
7183	7058
7184	7064
7185	7017
7186	7044
7187	7020
875	7044
1226	7049
872	7059
1225	7049
3435	7046
620	7054
870	7056
8019	7054
627	7065
871	7038
8013	7055
8012	7062
8011	7055
626	7033
7456	7049
4592	7038
7454	7049
7455	7062
7452	7053
625	7062
7450	7059
2036	7022
1220	7060
7458	7049
7459	7049
2034	7035
4596	7031
4597	7031
2031	7035
4595	7062
2749	7056
4845	7028
4598	6939
8291	7023
4599	7040
8290	7025
4735	6979
8293	6994
8292	7026
8295	7012
4843	7002
4738	6998
8294	7023
4739	7054
8297	7041
393	7065
392	7064
391	7058
390	7065
397	7062
396	7061
395	7024
394	7065
399	7063
398	7064
2309	7037
2308	7031
4728	7060
2301	7060
2300	7060
4727	7065
2302	7060
4721	7051
4720	6970
2307	7017
2306	7060
5846	7064
5844	7059
5842	7048
5841	7046
5840	7046
5848	7063
3748	7042
3749	7040
3746	7029
3747	7064
3744	7064
3745	7048
3742	7058
3743	7061
4620	7050
4621	7048
4622	7025
4623	7055
4624	7033
4625	7047
4626	7064
4627	7025
4629	6932
179	7062
178	7038
177	7044
176	7052
175	7050
174	7056
173	6929
172	6982
171	6993
7218	7051
7219	6854
7210	7065
7211	7065
7212	7065
7214	7062
7215	7052
7217	7033
6217	7051
6216	7065
6215	7046
6214	7046
6213	7064
6212	7065
6219	7064
6218	6977
6819	7055
6818	7064
6811	7052
6810	7052
6813	7052
6812	7062
6815	7063
6816	6999
7669	7053
7668	7051
7661	7065
7660	7065
7663	7053
7662	7060
7665	7061
7664	7053
7666	7041
1768	7052
1769	7002
1762	7026
1763	7057
1760	7065
1761	7064
1766	7014
1767	6945
1764	7063
1765	7063
692	7065
693	7054
690	7064
691	7045
696	7051
697	6978
694	7054
695	6921
698	7053
699	7060
1548	7008
1549	6609
5612	6976
5613	6790
5610	7043
5611	6951
5616	7036
5617	7017
5614	7043
5615	7031
7116	7044
4668	7021
7118	7019
6778	7053
6779	7060
6774	7037
6775	7053
6776	7043
6777	7049
6770	7045
6771	7064
6772	6979
6773	7063
258	7064
259	6998
252	7058
253	7061
250	7060
251	7058
256	7055
257	7058
254	7031
255	7044
4665	7060
3689	7016
3688	7048
3683	7047
3682	6959
3681	7012
3680	7042
3687	6957
3686	7059
3685	7048
3684	6957
2518	7059
2519	7022
2514	7030
2515	7030
2516	6980
2517	6983
2510	7012
2511	7050
2512	7030
2513	7030
3531	7038
3530	7063
3532	7056
3535	7065
5059	7052
3537	7014
3536	7061
5054	7064
3538	7039
5057	7043
5050	7047
5051	7065
5052	7064
5053	7041
1159	7023
1158	7058
1155	7058
1154	7019
1157	7016
1156	7050
1151	6847
1150	7062
1152	7061
8035	6998
8037	7063
8036	7064
8033	7052
8038	7058
4299	7047
4298	7007
4295	7060
4297	6998
4296	7062
4291	7059
4290	7031
4292	7064
4749	7062
4748	7027
4743	7040
4742	7046
4741	7060
4740	6998
4746	7036
4745	7003
4744	7018
5868	7065
5864	7023
5866	7023
5861	7062
5860	7052
5863	7041
5862	7054
2183	7058
2182	7032
2181	7064
2180	7064
2187	7050
2186	7048
2185	7056
2184	7065
4607	7048
2189	7050
2188	7054
4602	7048
4603	7048
4600	7041
4601	7061
6907	6991
6906	7051
6905	7000
6904	7031
6903	7004
6902	7013
151	6996
150	7036
153	7048
152	7023
155	7001
154	7017
157	7041
156	7057
159	7061
158	7050
6900	7027
8134	7042
8135	7043
6187	6940
6186	6940
6185	6940
6184	7057
6183	6940
6182	7058
6181	6940
6180	7053
6954	7063
8133	7058
6188	6940
2727	7046
2725	7064
2724	7010
2723	7064
2722	7064
2721	7045
2720	7036
2729	6993
2728	7063
7236	7037
7237	7048
7234	7052
7235	7052
7232	7052
7233	7050
6955	7064
7231	7028
7948	7065
7949	7057
7238	7054
7239	7054
6239	7061
6235	7057
6236	7029
6230	7058
6232	7063
7815	6958
7932	7061
818	7065
819	7065
810	7007
811	7065
812	7063
813	6951
814	7064
815	7062
816	7043
817	7062
1700	6955
1701	6968
5265	6992
1703	7044
1704	7044
1705	7039
1706	7036
1707	7037
1708	7044
1709	7052
5269	7057
4574	7007
4575	7063
2093	7035
4577	7063
3959	7048
3029	7037
3028	6876
3027	7020
3026	6911
3025	7044
3024	7009
3023	7051
3022	7063
3021	7035
3020	7017
4198	7046
4199	7030
4197	7058
4194	7050
4195	6860
4192	7061
4190	7046
4191	6911
5670	7010
5671	7047
5673	7053
5674	7065
5675	7064
5676	7029
6437	7052
6436	7056
6435	7048
8196	7049
6432	7046
6431	7054
6430	7054
8198	7049
8199	7048
6439	7047
6758	7057
6759	7036
6752	7064
6753	7065
6751	7045
6756	6983
6757	6930
6755	7042
238	7054
239	7023
234	7023
235	7058
236	7050
237	7025
230	7036
231	7033
232	7033
233	7023
4681	7020
2538	6910
2530	6910
2531	7022
2536	6910
2537	6910
2534	6910
2535	6846
5078	7062
5079	6882
5072	7054
5073	7062
5070	7061
5071	7042
5077	7052
5075	7055
938	7012
933	7025
932	7063
931	7061
930	7034
937	7015
936	7063
935	7046
934	7046
5380	7064
5381	7063
5382	7063
5384	7033
5385	7055
5386	7065
5387	7045
5388	7055
797	7055
796	7061
795	7045
794	7044
793	7061
792	7064
791	7008
2410	7039
2145	6940
799	7062
798	7052
2144	6944
2415	7051
2414	7055
1139	7065
1138	7057
2141	7063
1133	6737
1132	6969
1131	7063
1130	7065
1137	6981
1135	7039
1134	7063
2419	7060
4975	7062
7149	7059
7144	7060
1631	7064
7146	7053
7140	6782
7142	7065
7143	7061
2149	7064
2148	7053
8053	7060
8052	7062
8051	7060
8050	7052
8057	7065
8056	7065
8055	7065
8054	7065
8058	7038
2882	7039
2883	7043
2880	7034
2881	7039
2886	7064
2887	7026
2884	7039
2885	7050
7492	7063
7493	7047
2888	7026
2889	7053
7497	7046
3276	6899
1921	7062
1922	6838
1923	7050
1924	7044
1925	7045
1926	7039
1927	7056
4761	6941
4760	7062
4763	6941
4762	6941
4765	7062
4764	7039
4767	7040
4766	6941
5809	7048
5808	7063
5803	7065
5802	6742
5801	7048
5800	6907
5807	7009
5806	6965
5805	7049
5804	7034
1572	7063
1571	7042
1570	7063
7360	7048
1575	7063
1574	7063
4889	7064
2709	7030
2708	6996
4880	6868
4881	7057
4882	7052
2706	7049
4884	7036
2700	6898
2703	7014
4887	7052
7960	7064
7961	7063
7966	7017
7967	7062
7964	7059
7965	7065
7968	7053
7969	7061
6253	7036
6252	7061
6251	7052
6257	7058
6255	7033
6254	7036
2411	6884
832	7056
3475	6984
830	7062
3477	7036
3470	7049
3471	7057
3472	7023
3473	7055
838	7044
839	7065
3478	7051
3479	6921
8010	7065
7457	7049
7453	7049
5249	7046
5248	7065
1728	7052
1729	6986
1726	7058
5244	7040
5247	7065
5246	7007
1722	7064
1723	7057
1720	7058
1721	7065
7931	7059
7930	6987
7933	7059
3005	7015
3311	7008
3007	7006
3006	7049
3001	7051
3000	7033
3003	6987
3002	7053
7935	6842
3009	7015
3313	7036
7934	6842
1588	7061
3312	6960
7937	7063
1582	7056
3315	7058
1580	7060
1581	7059
1587	7060
1584	7063
3314	6960
3317	7059
3316	7057
5658	7061
5659	7020
5656	7062
5657	7065
5655	6904
5652	7050
5653	7050
5650	7056
5651	7056
6415	7063
6414	7001
6417	7041
6416	7051
6411	7015
6410	7015
6413	6980
6412	6980
7777	7065
7775	7062
7774	7020
7773	7065
7772	7054
7771	7063
7770	7065
7779	7065
7778	7064
3917	7041
3916	7006
3914	7034
3912	7045
3911	7060
3910	6974
3919	7021
3918	7063
6730	7041
6731	7041
6732	7041
6734	7064
6735	7045
6736	7004
6737	7061
6738	7034
6739	7037
216	7050
217	7065
214	6930
215	7003
212	7043
213	7051
210	7019
211	7019
218	7061
219	7065
6088	7061
6082	7036
6083	7055
6080	7053
6081	7064
3649	6955
3648	7053
3647	7061
3646	7019
3645	7024
3643	6975
3642	6799
3641	6940
3640	7060
2550	7012
2551	7061
2552	7035
2555	7062
2556	7023
2557	7051
2558	7063
2559	6974
5010	7052
5011	7052
5012	7004
5013	7063
5015	7044
5016	7059
5017	7054
5018	7030
5019	7029
4418	7057
4417	7051
4416	7037
4415	7047
4414	7060
4413	7050
4412	7029
4411	7055
919	7043
918	7055
915	7058
914	7060
917	7043
916	7048
911	7052
910	7063
913	7052
912	7057
7168	7040
7162	7043
7163	7063
7160	6932
7161	7055
7166	7041
7167	7021
7164	7060
7165	7059
3701	7064
8079	7050
631	7063
8071	7031
8070	7031
8073	7064
8072	7031
632	7031
8077	7064
1211	6886
634	6884
3706	7038
1214	7063
1215	6963
1447	7064
1446	7060
1445	7063
1444	7064
1115	7064
1114	7038
1441	7010
1440	7006
3707	7038
1449	7054
1448	7054
4859	7045
2005	7054
4856	7059
2008	7035
4854	7059
4581	7065
4580	6984
4725	7029
4583	7050
4582	7063
4726	7060
6914	6918
8264	7064
4723	7018
4789	7064
4788	7052
4787	7062
4786	7033
4785	7062
4783	7051
4782	7065
4781	7037
4780	7013
5821	7031
5820	7059
5823	7062
5822	7010
5824	6993
5827	7056
5829	7034
5828	7052
6916	6978
1182	7044
199	7041
198	7019
195	7019
194	7058
197	7051
196	7019
191	7028
190	7042
193	7044
192	7015
6912	7064
2769	7052
2768	7036
2763	7036
2762	7040
2761	7042
2760	7016
2767	7063
2766	7063
2765	7048
2764	7057
7908	7064
7909	7056
7900	7057
7901	7046
6913	7029
7903	7062
7904	7065
7905	7065
7906	7021
7907	7058
6271	7058
6270	6969
6273	7012
6272	7027
6275	6994
6274	7056
6276	6994
6279	6963
6278	7041
3452	6913
3453	6822
3450	7058
3451	6950
3456	6947
3457	6911
3454	6941
3455	6988
3458	7018
3459	6881
859	7043
6	6945
5229	7061
5228	7061
5222	7060
5221	7064
5220	7064
5227	7061
5226	7037
5225	7052
5224	7052
3063	7063
3062	7027
3061	7065
3060	7064
3066	7002
3068	7032
4817	7039
3260	7016
1304	7063
1305	6858
1306	7064
1307	7025
1300	7029
1301	7065
1302	7063
1303	7063
7129	7054
1308	7063
1309	7063
498	7051
499	7036
494	7062
495	7026
497	7055
490	7057
492	7013
493	7062
6479	7056
6478	6986
6472	7047
6471	7057
6470	7047
6477	6986
6475	7036
6474	7033
6915	7050
7758	7064
7755	7052
7754	7065
7757	7061
7756	7065
7751	7062
7750	7062
7753	7065
7752	7065
3939	7055
3935	7052
3937	7038
3936	7052
3931	7041
3930	7058
3933	7041
3932	7063
3265	7053
6718	7052
6719	7065
6717	7064
6714	6977
6715	7057
6712	7056
6713	7061
6710	7065
6711	7064
4044	6970
4045	6979
4046	6937
4047	7047
4040	6934
4041	6993
4042	7055
4043	7055
4048	7063
4049	7041
3665	7037
3664	7058
3667	7058
3666	6968
3661	7031
3660	6965
3663	6952
3662	7037
3669	7055
3668	7062
5582	7013
2578	7062
2579	7059
2576	6901
2577	7064
2574	7061
2575	7047
2572	7065
2573	7050
2570	7053
2571	7046
3593	7037
3592	7061
3591	7054
3590	7057
3597	7055
3596	7046
5038	7064
3594	7065
5036	7064
5037	7042
3599	7017
5035	7053
5032	7058
5033	7051
5031	7037
4435	7051
4434	7065
4437	6983
4436	7060
4431	7064
4430	7059
4433	7044
4432	7058
4439	6951
4438	7052
977	7062
976	7063
975	7054
974	6975
973	7064
972	7062
971	7012
970	7061
979	7038
978	6949
1243	7050
3384	7062
7100	7054
7101	7063
3385	7047
7104	7063
7106	7065
7107	7062
7108	7044
5410	7062
5412	6994
1681	7061
1680	6999
1683	7065
1682	7061
1685	7065
1684	7062
1687	7054
1686	7054
1689	7065
1688	7025
653	7064
1469	7059
1468	7050
1465	7051
1464	7052
1467	7058
1466	7058
1461	7055
1460	7055
1463	7047
1462	6977
4238	7022
4237	7064
4236	7049
4235	7056
4234	7039
4233	7032
4232	7062
4231	7032
5591	7026
5590	7046
5592	7033
5595	7033
5594	7033
5596	7026
5599	7022
5598	7022
319	6983
318	7061
313	7005
312	7011
311	6915
310	7009
317	7004
316	7061
315	7020
314	7059
443	7018
441	7057
440	7060
447	7015
446	7018
445	7062
444	7051
2299	7036
2298	7010
2293	7065
2292	7058
2291	7058
2290	6963
2297	6953
2296	7059
2295	7062
2294	7025
8139	7056
7290	7059
7291	6941
7292	6994
7293	7064
7294	7040
7295	7025
7296	6978
7297	7034
7298	7047
7299	7049
7704	7056
7928	7030
7929	7059
7705	7056
6299	6981
6298	7055
6297	7018
6296	7055
6295	7059
6294	7062
6293	7062
6292	7062
6291	7062
4672	7045
7708	6991
3438	7007
3439	6971
878	7062
879	6977
876	7065
877	7065
874	7064
3433	7046
3434	7010
873	7045
3436	7007
3437	7007
2741	7051
2740	7064
2035	7035
4591	7060
4848	7028
2744	7037
2747	6970
2746	7015
4844	7059
2748	7056
4846	7010
4847	7028
4840	7057
4841	7028
4842	7059
2038	7061
5201	7053
5200	7023
5203	7052
5202	7063
5204	7052
5207	7057
5209	7020
5208	7041
3049	7051
3048	7057
3041	7057
3040	7061
3043	6936
3042	6936
3044	7057
3047	7057
3046	7053
1094	7051
1095	7053
1096	7028
1097	7009
1090	7049
1092	7052
1093	7051
1098	6860
1099	7049
7523	6939
1322	7047
1323	7058
1320	7062
1321	7040
1326	7058
1327	6961
1324	6925
1325	7010
1328	7054
1329	7061
6451	7058
6450	7058
6453	7058
6452	7064
6455	7058
6454	7058
6457	7063
6456	7064
6459	7065
6458	7043
8136	7043
8137	7043
8130	7054
8131	7061
6909	7000
6908	7000
1917	7064
7738	7059
7733	7047
7732	7062
7730	7051
7737	7054
7736	7064
7735	7061
7734	7056
1916	7064
3958	7018
3953	7062
3952	7062
3957	6992
3956	6963
3955	7062
3954	7064
1546	7045
1966	7055
4062	7064
4063	7050
4061	7036
4066	7063
4067	7036
4064	7036
4065	6982
4068	7058
4069	7036
5784	7052
5785	7065
5786	7032
5787	7040
5780	7056
5781	7046
5782	7015
5783	7034
5788	7064
5789	7057
3603	7052
3602	6762
3601	6992
3600	7047
3607	7015
3606	7049
3605	7049
3604	7063
3609	7030
4593	7047
7529	7047
4453	7026
4452	7030
4451	7056
4450	7033
4457	7048
4456	7063
4455	7043
4454	7048
4459	7062
4458	7065
959	7011
958	7065
951	7037
950	7063
955	7060
954	7001
957	7064
956	7048
6334	7040
6337	7052
6330	7043
6331	7064
6332	7049
6333	7065
6339	7063
717	7053
4969	7060
716	7059
4966	7048
7126	7034
7127	7053
7124	6908
7125	6908
7122	7051
4965	7060
7120	7034
7121	7061
4964	6996
1669	7065
1668	7056
1667	7011
1666	7042
1665	7042
1664	7061
1663	7052
1662	7041
1661	6929
1660	7046
591	7062
590	7058
593	7054
592	7058
595	7057
594	7054
597	7063
596	7018
599	7028
598	7028
2828	7059
2824	7061
2825	7021
2826	7059
2827	7059
2821	7064
2822	6998
2823	7061
3386	7058
5415	7018
5416	7056
5417	7049
3382	7047
3383	7065
3380	7037
3381	7010
5418	7034
5419	7062
3388	7039
3389	7056
1409	7062
1408	7062
1403	7054
1402	7061
1401	7065
1400	7060
1407	7061
1406	7065
1405	7062
1404	7062
4215	7030
4214	7063
4217	7057
4216	7051
4211	6960
4210	7005
4213	7055
4212	6969
5790	7053
4219	6996
4218	7021
1545	7045
1542	6958
1543	7045
3261	7062
1540	7050
5579	7065
5578	7064
5577	7049
5576	7046
1541	7050
5573	6965
5572	7021
5571	7021
5570	7033
3262	7053
3968	7063
1937	7039
5798	7047
3264	6974
339	7004
3267	7049
335	7038
334	7055
337	7064
3266	7043
331	7061
330	7006
333	7058
332	7058
5124	7061
5125	6940
5126	7061
5127	6985
6109	7057
6108	7065
6107	7052
6106	7025
6105	7043
3416	6995
3417	7025
3412	7033
3410	7044
3411	7033
3418	6995
4868	6994
4869	6994
2019	7035
2018	7022
2015	7035
2014	7001
2017	7035
2016	7016
2011	7057
2010	7016
2013	7035
2012	7063
458	7060
1349	7059
1340	7058
1341	7058
1342	7056
1343	7063
454	7054
455	7058
1346	7064
457	6638
8118	7065
8119	7065
6929	7064
6928	6973
8112	7012
6924	7048
6927	7065
6926	7065
6921	7029
6920	7050
6923	7054
6922	7029
7715	7032
7717	7064
7716	7064
7719	7062
752	7045
4008	7054
4009	7053
4000	7063
4001	7052
4005	7055
4006	7064
4007	7045
3971	7037
3970	7054
3973	7011
3974	7054
3977	7052
3976	6770
3979	7062
3978	7063
3629	7027
3628	7058
3621	7027
3620	7027
3623	7060
3622	7062
3625	7062
3624	7021
4479	7055
4478	7055
4471	7052
4470	7057
4473	7033
4475	7033
4474	7060
4477	7062
4476	7035
2953	7057
2464	6961
2465	6961
2466	6961
2467	7029
2460	7026
2461	7026
2462	7035
2463	6961
2469	7065
5347	7064
5341	7014
1023	7060
5343	7057
6312	7062
6313	7046
6311	7047
6316	7044
6317	7062
6314	7061
6315	6997
6319	7057
5348	7044
7684	7064
1645	7065
1644	6997
1647	7026
1646	7058
1641	7065
1643	7035
1642	7035
1649	7063
1648	7038
579	7044
578	7052
573	7065
572	7052
571	7065
570	7046
577	7052
576	7052
575	7048
574	7055
2808	7050
2809	7052
2802	7041
2803	7063
2801	7036
2807	7055
2804	7026
2805	7056
5432	7059
1420	7056
1423	7061
5431	7045
5436	7057
5437	7053
5434	7057
5435	6932
1429	7059
1428	6966
5438	7057
5439	6986
3360	7043
3361	7049
3362	7043
3363	6973
4273	7048
4272	7053
4277	6932
4276	7013
4275	7057
4274	7009
1201	7043
4279	6932
4278	6932
1200	7014
5555	6977
5554	6977
5551	7061
5550	7057
5553	7004
5552	7061
5559	7033
5558	7064
4861	6730
4866	7054
4867	6994
4864	7065
5883	7059
5882	7061
5880	7058
5887	7037
5886	7050
5885	7061
5884	7064
5889	7059
5888	7059
6554	7062
6555	7014
6550	7052
6551	7062
6552	7037
6553	7045
8270	7065
5875	7038
357	7065
356	7028
355	7005
353	7053
352	7055
351	7059
350	7060
7508	7057
7509	7063
359	7053
358	7061
6124	7052
6127	7062
6126	7057
6121	7063
6120	7064
6123	7040
6129	7039
6128	7063
2190	7050
3225	7059
4632	6911
2192	7048
2193	7056
2259	7063
2258	7004
2257	7026
2256	6739
2255	7055
2254	7065
2253	7059
2252	6977
2251	7022
4636	7051
3224	6873
4635	7057
4800	7029
3227	7053
2787	7044
4638	7055
4804	7058
4805	7065
4806	7058
4807	7058
4808	7048
4809	7053
2789	7065
2788	7065
2079	7065
2073	7063
2072	7005
2071	7057
2070	7065
2077	7065
2076	7062
3221	6873
3220	6873
3223	6873
3222	6873
7080	7033
7082	7065
7085	7012
7084	7012
7087	7044
7086	7019
7089	7039
7088	7054
6495	7064
6494	6998
6497	7054
6496	7061
6491	7057
6490	7065
6493	7065
6492	7032
8178	7038
8179	7038
6498	7051
6949	7063
6948	7043
6943	6909
6942	7045
6941	6994
6940	7045
6947	7032
6946	6973
6945	7043
4398	7062
4399	7046
4393	7029
4394	7029
4395	7059
4396	7029
4397	7029
3197	7065
3196	7057
1365	7062
3193	7044
3192	6957
3191	6985
3190	7036
479	7056
3199	7042
3198	7062
4026	7044
4027	7049
4024	7020
4025	6994
4023	7063
4020	7061
4021	7015
4028	6968
3999	7051
3998	7065
3997	7058
3995	7039
3992	7059
3991	7058
3990	6931
298	7057
299	6980
296	7055
297	7009
294	7009
295	7056
292	7060
293	7054
290	6920
291	7045
587	7042
581	7065
2442	7026
2443	7026
2440	6967
2441	7026
2446	7026
2447	7026
2444	7016
2445	7026
2448	7026
2449	7026
7867	7064
7866	7055
7865	7059
7864	7065
7863	7052
7862	7055
7861	7062
7860	7063
7869	7065
7868	7064
6378	7062
6379	7061
6371	7038
6374	7057
6375	7057
6376	7049
6377	7063
1436	7049
5406	7041
7394	7056
5405	7059
1435	7054
3395	7027
3394	6932
1623	7048
1622	7008
1621	7020
1620	7030
1627	7005
1626	7063
1625	7063
1996	7033
1629	7063
1628	7055
3209	7017
3208	7046
5058	7041
2860	7056
2861	6977
2862	7060
2863	7060
559	7059
558	7065
2866	7027
2867	7054
555	7056
554	7051
557	7065
556	6995
551	6966
550	7045
553	7029
552	7059
3539	7064
5055	7060
1439	7060
1199	7031
1198	7058
3348	7015
3349	7061
1191	7046
1190	7060
1193	6990
1192	7040
1195	7063
1194	7061
1197	7064
1196	7052
4259	7065
4251	7049
4250	7064
4252	7065
4255	7065
4254	7051
4257	7064
4256	7037
5533	7061
5532	7003
5531	6929
5530	6891
5537	7062
5536	7061
5535	7062
5534	7054
5539	7026
4263	7055
7204	7051
6572	7065
6573	7065
6570	7063
6571	7039
6576	7061
6577	7062
6574	7065
6575	7065
6578	7018
6579	7018
5100	7043
7694	7062
7695	7065
7696	7064
7697	7053
7690	6916
7691	7049
451	6932
7698	7023
7699	7008
3834	7047
3835	6988
3836	7047
3837	7047
3830	7023
3832	7059
3833	7061
1344	7063
3839	7064
1345	7057
3207	7038
456	7055
379	7063
378	7065
7520	7055
7527	7050
7524	6939
7525	6939
371	6981
370	7057
373	7063
372	7053
375	7065
374	7065
377	7065
376	7057
6143	7053
6142	7053
6141	7053
6147	7053
6146	7057
6145	7053
6144	7053
6149	7053
6148	7049
8110	6910
8111	6974
3204	7049
8114	6749
8115	6749
6500	7057
2274	7027
2277	7038
2276	6969
2270	7057
2273	7047
2272	7036
2278	7055
2051	7049
2050	7062
2053	7029
2052	7056
2055	7049
2054	7060
2057	7031
4829	7013
2059	7060
2058	7031
4536	6917
4825	7065
4822	7055
4531	7034
4532	7057
4821	7055
7980	7047
7985	6974
7986	7058
7326	7061
3783	7054
7320	7052
7321	7065
7323	7042
7329	7063
7065	6318
7064	7054
7063	7052
7062	7045
7061	7064
7060	7056
3786	6945
6961	7063
6960	7010
6963	7010
6962	7010
6965	7059
6967	7054
8159	6928
6969	6997
6968	6997
8155	6993
8152	7062
8153	7064
8150	7063
8229	7046
414	7058
415	7042
416	7064
417	6993
1388	7063
411	7062
412	7055
413	7062
1384	7029
1385	6922
1386	7048
1387	7065
1380	7037
1381	7045
1382	7040
1383	7065
8107	7055
1775	7043
1774	7056
1777	7006
1770	7046
5273	7052
6688	6941
6689	6941
6680	6896
6681	7056
6682	7050
6683	7060
6684	7047
6685	7050
6686	7049
6687	7041
2428	7012
2429	7044
2420	7060
2422	7051
2423	7053
2424	7062
2425	7054
2426	7042
2427	7028
7849	7038
7848	6735
7845	7064
7844	6995
7841	7052
7840	7061
7843	7063
7842	7062
6356	7064
6355	6964
6350	7048
6351	7005
6359	7016
3461	6932
3460	6997
1814	6986
1816	7049
1810	7057
1811	7017
1812	7043
1813	7038
1819	7057
2165	7056
2164	7014
8109	6910
2167	7065
1609	7052
1608	6877
3229	7042
3228	7063
1979	7039
1978	7061
1977	7047
1976	7057
1975	7061
3226	7063
1973	7045
1972	6986
1971	6924
1970	7017
2163	7053
8108	6749
2848	7064
2849	7064
2846	7064
2847	7064
2844	7042
2845	7061
2842	6945
2843	7031
2840	7056
2841	6945
5476	7040
5477	7051
5474	7058
3323	7061
3324	7030
3325	7058
3326	7045
5471	6994
5478	7065
5479	6986
5519	6967
5518	6967
5511	7029
3038	6936
5513	7043
5512	7063
5515	7058
5514	7047
5517	6967
5516	7060
536	7054
534	7053
532	7034
531	7035
530	7056
539	7064
538	7063
1908	7063
1909	7065
1906	7065
1907	7065
3296	7058
6518	7052
6519	7029
1905	7065
6510	7038
1902	7065
6513	7063
6514	7063
6515	7063
6516	7026
3291	6981
1900	7065
1901	7063
3812	6977
3813	6939
3810	7058
3811	7033
3816	7034
3817	7037
3814	7021
3815	7053
3819	7064
7549	7023
7540	6996
7544	7036
7545	6981
7546	7058
6169	7064
6168	7056
6161	7044
6160	7048
6162	7050
6165	7063
6164	7058
6166	7059
2213	7063
2212	7063
2211	7049
2210	6968
2217	7053
2216	7065
2215	7021
2214	7064
2219	7065
2218	7065
4510	7037
4511	7050
4516	7052
5289	7049
5288	7006
5281	7042
5280	7042
5283	7056
5282	7064
5285	7022
5284	7057
5287	6987
5286	7053
7302	7060
7300	7049
7301	7037
7306	7037
7304	7051
7305	7029
7309	7051
7045	7057
7044	7060
7047	6976
7046	7046
7041	7059
7040	7042
7043	7057
7042	7059
7049	7059
7048	7042
6987	6926
6986	7063
6985	6998
6984	7057
6983	7042
6982	7039
6981	7055
6980	7051
8023	7065
2989	7057
2988	7039
2983	7032
2982	7029
2981	7005
2980	6989
2987	7061
2986	7064
2985	7064
1018	7037
1019	7059
1014	7038
1016	7050
1017	7059
1010	7065
1011	7061
1012	7003
1013	7019
4358	7053
4359	7057
4354	7061
4355	7026
3310	7046
4357	7048
4351	7048
4352	7038
4353	7005
438	7057
439	7053
436	7060
437	7060
434	7064
435	7047
432	6991
433	7065
430	7064
431	7063
5708	7065
5709	7039
5704	7063
5705	7041
5706	7054
5707	7064
5702	7064
5703	7048
1437	7033
8025	7060
1434	7064
1050	7031
5356	7052
1052	7062
1430	7065
7829	7059
1053	7040
7822	7063
7821	7063
7827	7062
7826	7053
1055	6794
1431	7065
1832	7053
1833	7042
1830	7059
1831	7059
1836	7035
3798	7047
1834	7032
1835	6967
3795	7062
3794	7031
1838	7033
3796	6996
3791	7052
3792	7024
4981	7025
4980	7038
4983	7025
2157	7045
4985	7045
2151	7045
2400	7059
4986	7054
4989	7054
4988	7048
2159	7048
2409	7037
1955	7049
1956	7008
1951	7056
1950	7058
1953	7061
1952	7065
1959	7065
1958	7065
3249	7061
3248	7059
3243	7022
3242	7055
3241	7032
3240	7032
3247	7062
3246	7065
1990	6987
4925	7029
1993	7065
1483	7044
1482	7052
1481	7062
1480	7057
1487	7012
5499	7043
1485	7050
1484	7056
3306	7046
3307	7042
5496	7039
5497	7039
3302	7050
5491	7064
3300	7065
3301	7044
1992	7060
612	7055
613	7055
610	7043
1273	7047
1995	7064
1275	7047
2060	7045
614	7059
2061	7065
615	7048
2062	6988
2063	7035
1994	7033
2064	7044
2065	7036
519	7056
2066	6959
511	7059
513	7060
515	7053
514	7040
517	7059
516	7059
1227	7049
622	7062
621	7055
1224	7049
1223	7049
1222	7048
1221	7057
624	7065
628	7063
1229	7049
1228	7047
6536	7063
6537	7058
6534	7029
6535	7029
6532	7051
6533	7029
6530	7052
8296	7043
6538	7018
6539	7044
3878	6942
3870	7065
3871	7017
3872	7048
3873	7049
3875	7052
3876	7063
3877	7053
7567	7048
7564	7059
7565	7057
7563	7065
7561	7063
7569	6837
4166	7063
4165	7063
4164	7065
4163	7065
4162	7047
4169	7055
2239	7064
2238	7031
2231	6961
2230	7037
2233	7040
2232	7053
2235	7052
2234	7010
2237	6928
2236	7035
5937	7017
5936	7030
5935	7058
5934	7045
5933	7058
5932	7040
5931	7055
5930	7063
5939	7062
5938	7059
4608	6986
3498	6977
3499	7042
3496	7051
3497	6975
3494	6975
3495	7045
3492	7047
3493	6975
3490	7058
3491	7037
2095	7050
2094	7028
2097	7052
2096	7065
2091	7005
2090	7060
4576	7052
2092	7035
4578	7049
2099	7033
4604	7054
4605	7047
3333	7062
7362	7043
7363	7038
7365	7059
3	7043
7023	7049
7022	7053
7021	7055
7020	7065
7027	7053
7026	7063
7025	7053
7024	7065
7029	7061
7028	7053
3331	7047
7594	7059
7799	7053
7791	7043
7790	7049
7792	7064
7795	7058
7797	7015
7796	7014
1038	7063
1039	7063
1032	7002
1033	7048
1030	7059
1031	7031
1037	6925
1034	7044
1035	7050
4378	7039
4379	7064
4372	7035
4373	7030
4370	7036
4371	7056
3335	7008
4377	7058
4375	7062
3334	6920
4080	7039
4082	7060
4083	6994
4085	6901
4086	6900
4088	7036
4089	7063
5729	7065
5722	7063
5720	7064
5721	7003
5726	7052
8084	7065
8085	7062
8086	7065
8087	7065
8080	7057
8081	7057
8083	7056
8088	7020
8089	6949
6648	7056
6649	7036
6644	6995
6645	7064
6646	7036
6647	6995
6641	6927
6643	7025
7801	7037
7800	7037
7803	7036
7802	7037
7805	7036
7804	7036
7806	7064
7809	7060
7808	7061
6398	7032
6399	7031
6392	7042
6393	7042
6391	7042
6396	7042
6397	7042
6394	7053
6395	7042
2396	7023
2397	7029
2394	7023
2395	7023
2392	7024
2393	7060
2390	7064
2391	7035
2398	6822
2399	7060
1858	7061
1859	7024
3840	7019
1852	7031
1853	7031
1855	7013
1856	7036
1857	7048
2172	7020
2173	7021
2170	7054
2171	7049
2176	7020
2177	7061
2174	7000
2175	7062
4967	6923
3845	7061
2178	7045
2179	7064
4963	7061
4962	7064
3844	7063
1421	7063
3847	7053
5430	7056
1933	7039
1932	7039
1931	7047
1930	7039
5128	6985
5129	6985
1935	6983
1934	7039
3269	7047
3268	7035
1939	6980
1938	6980
5120	7055
5121	7046
5122	7061
5123	6975
7944	7065
1427	7065
7945	7058
1426	7065
7946	7062
7940	7063
3366	6987
7941	7063
3367	7062
7230	7054
6886	7058
6884	7061
6885	7022
6883	7062
6880	7052
6881	6988
6889	7063
605	7065
604	7063
607	7063
606	7050
601	7060
600	6834
602	7065
1205	7061
1204	7044
1207	7053
1206	7061
609	7063
608	6997
1203	7057
1202	7043
8106	6910
8277	7059
8101	6910
8275	7051
8274	7061
8273	7061
8272	7061
8271	7060
8100	6910
1353	7034
1351	7042
461	7061
1356	7047
463	7030
462	7058
8265	7064
7588	7043
7585	7045
7586	7064
7587	7036
7580	7040
7581	6964
7583	7057
6951	7020
6953	7033
4149	7064
4148	7060
4145	7065
4144	6929
4147	7065
4146	7039
4141	7065
4140	7057
4143	7039
4142	7037
3856	7041
3854	7012
3855	7063
3850	7060
3851	7056
3858	7064
5919	7037
5915	7036
5914	7045
5917	6950
5916	7045
5911	7040
5910	6396
5913	7049
4558	7040
4556	7044
4557	7022
4554	7040
4555	7044
4552	7046
4553	7061
4550	6992
4551	7037
6077	7041
6075	7045
6074	7061
6073	7061
6072	7026
6071	7055
6070	7056
6079	7060
6078	7038
2617	7035
2616	7024
2615	7061
2614	7062
2613	7020
2612	7003
2611	7056
2610	7024
2619	7001
2618	7011
7347	7052
7344	7061
7345	6995
7342	7037
7343	7059
7341	7054
7348	7065
7349	7052
1187	7063
7009	7053
7008	7053
7001	7053
7000	7053
7003	7053
7002	7060
7005	7049
7004	7053
7007	7053
7006	7053
1184	6960
741	7008
742	7020
743	7065
744	7059
745	7065
746	7065
748	7064
749	7023
1185	6946
2949	7026
2948	7036
2947	7065
2946	7042
2945	7046
2944	7046
2941	7050
2940	6970
5357	7052
1051	7021
5355	7062
5354	7053
5353	7025
5352	7064
5351	7052
5350	7056
1058	7031
1059	7057
5358	7052
4310	6807
4311	7055
4312	7062
4313	7053
4314	7047
4315	7007
4316	7061
4317	7062
4318	7050
4319	7061
1180	6960
3119	7063
3118	7049
3117	6951
3115	7045
3114	7039
3113	6998
3112	6998
3111	7056
3110	7048
1181	6960
5740	7045
5741	7041
5743	7057
5744	7056
5745	7027
5746	7034
5747	7064
5748	7034
5749	7058
5267	7060
5264	7057
5263	7005
5262	7005
5261	7061
5260	7057
6668	7050
6663	7047
6660	7060
6661	7058
6666	7059
6665	7005
7	7039
2134	7029
2135	6960
2378	7057
2379	7030
2374	7061
2375	6998
2376	7008
2132	7058
2370	7064
2371	6950
2372	7030
2373	7057
1876	7051
1874	7042
1875	7046
1872	7060
1873	7037
1870	7037
1871	7037
1879	7064
4945	6954
4944	7050
4947	7062
4946	7057
4940	7050
4943	7054
4942	7058
4948	6974
2118	7042
2119	7061
2130	7058
2110	7054
2111	7064
2112	7056
2113	7054
2114	7010
2115	7051
2116	7036
2117	7027
1919	6982
1918	7017
5109	7027
2131	7058
3288	7054
1911	7065
5103	6986
1913	7065
3284	7026
5106	7008
3282	7057
5104	7065
3280	7044
883	7056
882	7062
881	7057
880	7064
887	7064
886	7060
885	7060
889	7058
888	7058
5245	7036
7505	7044
7506	6971
7501	7064
7502	7064
6616	7012
7503	7064
6869	7050
6864	7058
6865	7055
6866	7065
6867	7057
6860	7060
6861	7062
6862	7044
6863	7050
8255	6988
8254	6988
1269	7037
1268	7037
8251	7045
669	7053
668	7064
667	7041
1262	7065
665	7014
1260	7041
663	6970
662	7065
661	7043
1264	7063
5102	7002
3285	7046
1912	7065
7618	7055
7619	6943
7614	7051
1915	6952
7616	6992
7617	6992
7610	7055
7611	7019
1914	7062
421	7064
3281	6776
5105	7047
4129	7064
4128	7057
4123	7051
4122	7039
4121	7061
4120	7065
4127	7007
4126	7063
4125	7065
4124	6944
5689	7062
5688	6888
5685	6888
5684	7051
5687	6888
5686	7059
5680	7053
5683	7022
5682	7020
5978	7042
5973	7035
5972	7038
5977	7049
2587	7055
2586	7060
2585	6929
2584	7064
2583	7063
2582	7064
2581	7064
2580	7047
2589	7028
280	7016
6059	7047
6058	7047
6055	7057
6054	7039
6057	7047
6056	7047
6051	6986
6050	6986
6053	6986
6052	6986
2639	6994
2638	7036
2635	7033
2634	6995
2637	7033
2636	7033
2631	7049
2630	7062
2633	7033
2632	6967
3544	7059
3545	7063
3547	7040
3540	7060
3541	6988
3542	7062
3543	7064
3548	7028
3549	7048
2965	7062
2964	7000
2967	6925
2966	7047
2961	7065
2960	7065
2963	7062
2962	7065
762	6835
763	6965
760	7065
761	7013
2969	7030
2968	6973
764	7033
765	7050
5378	7028
1078	7064
1079	7064
5375	7044
5374	7046
5377	7039
1075	6932
1072	7065
5370	7046
5373	7046
5372	7046
5583	7065
4338	6971
4336	6972
4337	6972
4334	6972
4335	6917
4332	7053
4333	7034
4331	7045
3135	6982
5182	7058
3137	7064
3136	7057
3131	7062
3130	7055
3133	7062
3132	7056
3138	7039
1533	7046
5183	7052
5180	7058
5768	7042
5769	7064
5764	7001
5765	7001
5763	7063
5760	7024
5761	7063
1531	7059
8192	7064
8193	7065
5186	7065
8190	7065
8197	7049
8194	7065
5187	7053
8195	7065
2978	7045
7427	6917
7426	7062
7425	7057
2979	7037
7423	7049
7422	7051
7421	7061
7420	7064
2250	7064
7429	6917
7428	7020
5184	7052
6600	7060
6601	7065
6602	7065
6603	7065
6604	7065
6605	7060
6606	7029
6607	7054
6608	7059
6609	7050
5185	6974
2974	7009
2975	7064
1043	7042
1042	7034
5360	7028
5361	7058
5366	7065
5367	7035
5364	7056
5365	7035
2359	7063
2352	7064
2353	7056
2350	7060
2351	7056
2356	7035
5368	7061
2354	6897
2355	6918
1899	7061
3737	7051
1895	7060
3735	7046
1897	7048
3733	6826
1891	7030
3731	7057
3730	6951
2136	7065
4922	7024
4693	7064
4920	7056
4695	7062
4694	7062
4697	7062
4696	7062
4699	7062
4698	7062
4929	7039
2138	7057
2139	7053
5160	7047
5161	7047
5162	7042
5163	7047
5164	7060
5166	7020
4801	6994
4803	7058
2781	7038
2780	7063
2783	7047
2782	7047
8256	6988
8253	6988
8252	6988
666	7060
1261	7002
1799	7033
1798	7058
1793	7053
1267	7039
1791	7059
1790	7065
1797	7062
1796	7051
1795	7049
1794	7057
6848	7024
6842	7045
6843	7045
6840	7046
6841	7065
6846	7064
6847	7042
6844	7045
6845	7065
6590	7055
8232	7035
6592	7052
6594	7061
6595	7050
6596	6937
6598	7064
6599	7047
8238	6984
7638	7023
7639	7023
7632	7040
7630	6893
7636	7036
7637	7065
7634	7055
5344	7060
5345	7044
1241	7046
3093	7041
3090	7059
3091	7055
3096	7063
3097	7035
3094	7059
1530	7058
649	7004
648	7030
3098	7031
3099	7030
5346	7044
1539	7057
1538	6983
4100	6897
4103	7027
4105	7001
4104	7062
4107	7001
4106	7001
4109	7008
4108	7008
7613	7019
3898	7036
3892	7053
3893	7046
3890	7060
3891	7064
3896	7035
3897	6992
3894	7037
3895	7035
5950	7021
5952	7053
5955	7044
5956	7052
5959	7027
5958	7064
6039	7064
6038	7059
6033	7042
6032	7005
6031	7062
6030	7042
6037	6938
6036	6938
6035	7042
6034	7042
2659	7050
2658	6784
2653	6926
2652	7022
2651	6800
2650	7048
2657	6993
2656	7057
2655	6968
3039	7057
7389	7054
7382	6974
7383	7055
7380	7065
7381	7055
7386	6995
7387	7057
3562	6993
3563	7059
3560	7052
3561	7056
3566	7030
3567	7032
3564	7048
3565	7030
3034	7007
3568	6973
3569	6969
4485	7044
4486	7043
4487	7005
4480	7028
4481	7060
4482	7047
4483	6987
4488	7014
4489	7038
2903	7050
2902	7012
2901	7048
2900	6938
708	7039
709	7060
2905	7060
3035	7045
704	7029
705	7046
706	6979
707	7003
700	7064
701	7045
703	7038
5313	7049
5312	7052
5311	7044
141	7055
5317	7028
5316	7049
5315	7056
5314	7056
1986	7027
1987	7059
1984	7011
3153	7065
3152	7031
3151	7031
3150	7016
3156	7060
3155	7049
3154	7065
1982	6978
3159	7022
3158	7040
1983	7059
1980	7049
1981	7059
2482	7065
1459	7055
1266	7038
2481	7061
7409	7058
7405	7061
7404	7059
7407	7057
7401	7064
7400	7054
7403	7059
7402	7060
568	7065
569	7065
6628	7032
6626	7062
6627	6970
6624	6981
6625	7057
6622	7058
6623	7063
6620	7037
6621	7057
564	7053
565	7051
4714	7065
4715	7048
4716	7065
4717	7007
4710	7054
4711	7062
4712	6902
2337	7065
2338	7042
2339	7063
4718	7026
4719	7054
3715	7054
3714	7062
3717	7002
3711	7053
3713	7044
3712	7053
3719	7060
3718	7062
8189	7062
4909	7057
4908	6912
2488	7056
4678	7044
4901	7065
4900	7055
4903	7024
4674	7056
4673	6993
4904	7024
4671	7061
4670	7021
5148	7026
5146	7051
5144	7057
5145	6908
5142	7065
5143	7050
5140	7046
5141	7045
120	7031
121	7050
122	6907
123	7037
124	7062
125	7044
126	7035
127	6866
128	6957
129	7061
7957	6470
1188	7065
7956	7063
1189	7065
7955	7063
1186	7006
7954	7063
3376	7024
7953	7061
3375	7046
7952	7049
3374	7064
5421	7032
7950	7057
3371	7041
3370	7013
7246	7046
7245	7038
7243	7038
7241	7059
7240	7065
6821	7053
6822	7064
6824	6986
6826	7060
6828	7049
6829	7064
6676	7056
8219	7061
8170	7065
8171	7064
8211	7062
8213	7020
8212	7065
8215	7063
8172	7065
8216	7063
7650	7065
7651	7060
7652	7047
7653	7042
7658	7047
7659	7065
8175	7046
1997	7033
8177	7038
1519	7042
1518	7065
3392	7046
1515	7032
1514	7042
1517	7032
1516	7032
1511	7010
1510	7056
1513	7060
1512	7039
3397	7055
3396	7063
263	7046
261	7053
260	7062
267	7051
266	7059
265	7057
264	7051
269	7052
268	7063
6010	7051
6013	7065
6015	7065
6014	7056
6017	7065
6016	7060
6019	7056
6018	7056
988	6872
989	7041
982	7001
983	7052
980	7052
981	7064
986	6967
987	7065
984	7047
985	7057
1389	7063
3508	7041
3509	6934
5089	7058
5088	7065
5083	7036
5081	7051
5080	7064
5087	7065
5086	7065
5085	7059
5084	7039
2671	7040
2670	7049
2673	7040
2672	7060
2675	7064
2674	6954
2677	7045
2676	7057
2679	6861
2678	7027
1209	7061
2929	7029
2928	7043
2921	7033
2923	7000
2922	7057
2925	7050
2924	7063
2926	7036
5330	7038
5333	7063
5332	7064
5335	7020
5334	7054
5337	7034
5336	7058
1208	7061
2037	7054
3171	7044
3173	7029
3172	7063
3175	7046
3174	7032
3176	7061
726	7060
727	6991
724	7060
725	7062
722	6697
723	7065
720	7059
721	7034
728	7061
729	7053
1164	6996
1165	7046
1166	6164
1167	6813
1160	7042
1161	7059
1168	7053
1169	7021
472	7058
473	7057
476	7044
2785	7016
477	7035
1713	7052
1360	7014
1712	7052
2033	7023
1711	7054
1710	7044
8009	7055
2784	7047
8006	7060
8007	7057
8000	7052
8001	7052
8002	7052
1715	7035
2032	7035
5255	7042
7469	7041
7468	7041
1368	7001
3728	6954
7461	7049
1369	7046
1864	7031
1869	7064
2786	7057
1868	7062
2030	7035
4931	7058
4932	7065
4934	7050
4935	6971
4733	7060
4736	6998
4737	7061
2318	7043
2319	7051
2316	7047
2317	7043
2314	7049
2315	7032
2312	7032
2313	7032
2310	7032
2311	7032
5854	7062
5855	7061
5856	7048
5857	6962
5850	7051
5852	7062
5853	7062
5859	7049
3772	7029
3771	7063
3770	7002
3777	7046
3776	7037
3775	7059
3774	7037
3779	7063
4655	7051
4654	7046
4651	7062
4650	7050
4653	6957
4652	7056
4659	7059
4658	7040
7889	7061
7888	7061
7881	7059
7883	7064
7882	7063
7885	7058
7884	7060
7887	7061
7886	7061
108	7053
109	6946
102	7057
103	7000
100	7061
101	7047
106	7047
107	7057
104	7020
105	7047
7517	7056
7269	7056
7268	7056
7265	7056
7267	7056
7266	7063
7260	7058
7262	7049
6204	7039
6205	6776
6206	6776
6207	7033
6200	7011
6201	7021
6202	7045
6203	6776
7513	7060
6208	7045
7512	7055
7511	7028
6808	7057
6809	7051
6806	7052
6807	7053
6804	7064
6805	7042
6802	7063
6803	7046
6800	7059
6801	7063
7145	7064
7678	7054
7679	7050
7676	7059
7677	7056
7675	7040
7672	6999
7673	7049
7670	7061
1759	7061
1758	7053
1757	7030
1756	7025
1755	7055
1754	7004
1753	7055
1752	7056
1751	6990
1285	7038
1284	7053
1287	7057
1286	7027
1281	7064
1280	7056
1282	7057
1579	7062
1578	7062
689	6993
688	7064
1573	7051
684	7061
687	7043
686	6999
681	7064
1576	7063
683	7051
682	7039
1240	7057
5629	7016
5628	7016
5627	7061
5626	7054
5625	7008
5624	7037
5623	7040
5622	7061
5620	7018
1242	7062
5995	7053
5994	7040
5997	7027
5991	7033
5990	7047
5993	7047
5992	7045
5999	7033
5998	7021
1244	7065
4677	7030
6781	7053
6780	7059
6783	7057
6782	7036
6784	7039
6787	7056
6789	7030
6788	7050
1246	7063
7498	7051
245	7048
244	7057
247	7051
246	7038
241	7054
240	7052
243	7027
242	7039
249	7047
248	6963
7490	7059
7491	7045
3698	6878
1366	7031
3690	6957
3691	6978
3692	7045
3693	6878
3694	6878
3695	6878
3696	6878
3697	6878
1367	6999
3526	7058
3527	7030
3524	7064
3525	7058
3522	6991
3523	7038
3520	7037
3521	7034
3528	7045
3529	7047
338	7065
2699	7034
2698	7039
2697	7002
2696	7003
2695	7059
2694	7045
2693	6912
2692	7052
2691	7029
2690	7052
1362	7051
2152	7054
2153	7058
1361	6988
1142	6993
1143	7054
1140	7012
1141	7065
1146	7034
1147	7063
1144	7057
1145	7049
1148	6968
768	7058
769	6971
336	7042
7199	7061
7198	7058
7193	7037
7192	7037
7197	7038
766	6704
6400	7027
767	7006
8028	7057
6406	7064
8020	7062
8021	7063
8027	7057
8024	7056
6407	7032
7441	7065
7440	7053
7443	7063
7442	7040
7445	7061
7444	7057
7447	7061
7446	7061
7449	7016
7448	7034
8184	7028
8187	7055
8186	7057
4282	7054
4283	7057
4280	6932
4284	7057
4285	7065
4289	7049
381	7063
382	7037
383	6991
384	7037
386	7055
387	7045
388	6954
389	7058
4759	7036
4750	7064
4751	7064
4752	7059
4753	7059
4754	6972
4755	7053
4756	7042
4757	7065
5872	7025
5873	7064
5871	7028
5876	7038
5877	7064
5874	7038
1077	7055
5878	7038
1074	6997
3759	7051
3758	7051
5376	7039
3751	7056
3750	7064
3753	7029
3752	7061
3755	6942
3754	7062
3757	7051
4633	7059
2191	7050
4631	7029
4630	7020
2194	7061
2195	7036
2196	7065
2197	7035
2198	7065
2199	7064
4639	7055
1071	7065
4811	7021
4810	7034
168	7058
169	7050
164	7063
165	7061
166	6979
167	7053
160	7061
161	7045
162	7062
163	7056
4815	7054
4814	7045
6196	6924
6197	7035
6190	7048
6191	6940
6192	7058
6193	6940
6198	7039
6199	6776
2734	7029
2736	7046
2737	7059
2730	7062
2731	7029
2733	7045
2738	7063
2739	6987
1106	7029
8224	7036
8225	7056
7203	7020
7201	7053
7206	7052
7205	7052
1107	7038
6222	7031
6223	7041
6220	7048
6221	7030
6226	7043
6227	7060
6224	6961
6225	7048
6228	7023
6229	7008
3134	7062
808	7060
803	7059
802	7053
801	7046
800	7064
807	7062
806	7061
805	7000
804	7063
5274	7052
5275	7065
5276	7060
5277	7035
1771	7057
5271	7054
1773	7002
1772	6932
5278	7035
1778	7061
1100	7025
1551	7041
1550	6990
1553	7050
1552	6969
1555	7028
1554	7052
1557	7036
1556	7061
1559	7059
1558	7059
3036	7058
3037	7060
3030	7030
3031	7024
3032	6945
3033	7013
5605	7036
5604	7059
5607	6951
5606	7054
5601	7017
5600	7055
5603	7056
5602	6967
5609	6951
5608	7056
6424	7021
6426	7043
6427	7040
6421	7031
6422	6996
6423	7019
6428	7062
6429	6989
6769	7062
6768	7045
6767	7065
6766	7049
6765	7028
6764	7065
6762	7057
6761	6996
6760	7048
228	7056
227	7047
226	7032
225	7023
224	7052
223	7054
222	7046
221	7061
2509	7059
2508	7007
2507	7032
2506	7001
2505	7045
2504	6942
2503	7060
2502	7016
2501	7020
2500	7062
5048	7062
5047	7039
5046	7058
5045	7049
5044	7052
5043	7054
5040	7062
2160	6936
1256	7063
1257	7063
1254	7063
1255	7063
1520	7055
1253	7011
1991	7060
1250	7060
3206	7038
3205	7026
5181	7033
3203	7049
3202	7058
3201	7044
3200	7025
5188	7010
1128	7057
1129	7013
5189	6841
1120	7047
1123	7038
1124	7058
1125	7018
1126	7057
1127	7043
8040	7064
8041	7061
8042	7064
8043	7053
8044	7060
8045	7052
8046	7058
8047	7058
8048	7064
8049	7062
2864	6977
2865	7059
2868	6976
2869	6976
4776	7049
4777	7007
4774	7062
4773	7052
4771	7058
4778	7038
4779	7054
5818	6973
5819	7013
5810	7034
5811	6977
5812	7040
5813	7065
5814	6919
5815	7064
5816	6940
5817	6906
4619	7051
4618	7049
4611	6904
4613	7047
4612	7058
4615	7034
4617	7034
4616	7038
2705	7024
7424	7058
2704	6956
2707	7005
146	7055
147	7028
144	7017
145	7044
142	7042
143	7021
140	7052
5459	7042
2701	7039
149	7031
4886	7030
2702	6959
3092	6959
3342	7055
3343	7058
5452	7039
2713	6916
2711	7037
2716	7056
2717	7056
2715	7064
3346	6997
2718	7056
2719	7051
5455	7056
7221	6967
7220	7011
7223	7043
7222	7057
7225	6961
3344	7055
7227	7051
7226	7063
7229	7059
7228	7053
3345	7060
7959	7064
6248	7060
6240	7060
6241	7031
6242	7064
6243	7044
6244	7024
6245	7053
6246	7037
6247	7062
829	7040
7615	6992
825	6908
824	7046
827	7019
826	6916
821	7065
820	7017
823	7056
822	7064
8163	7064
8161	7065
8167	7065
5252	7063
5253	7059
5250	7027
5251	7059
1717	6973
1716	7027
5254	6951
1714	7057
1719	7061
1718	7031
3018	7013
3019	7063
3012	7064
3013	7064
3010	6990
3011	7062
3016	7065
3017	7040
3014	6990
3015	7029
4189	7018
4188	7060
4181	7033
4180	7041
4183	7044
4185	6988
4184	6988
4187	7053
4186	7058
5663	7052
5662	7063
5661	7060
5660	7065
5667	7060
5666	7054
5665	6906
5664	7057
5669	6903
5668	7055
11	6781
10	7002
13	7053
12	7007
15	6750
14	6982
17	7020
16	7048
19	7040
18	7055
6408	7063
6409	7043
8181	7038
8180	7038
8183	7038
8182	7038
7765	7063
7766	7061
7767	7064
7760	7064
7761	7064
7762	7064
7763	7064
7768	7064
7769	7064
3904	7057
3905	7064
3906	7057
3907	7057
3900	7065
3901	7064
3902	7012
3903	7056
3908	7022
3909	7056
6745	7046
6744	7060
6747	7033
6746	7062
6749	7057
201	7044
200	7019
203	7015
202	7050
205	7055
204	6982
207	7019
206	7019
209	7047
208	7042
831	7060
836	7053
837	7064
835	7051
3658	7050
3659	7051
3654	7064
3655	7059
3656	7063
3657	7038
3650	7037
3651	7046
3652	7046
3653	7061
2524	7056
2527	7051
2526	7022
2521	7022
2520	7022
2523	7059
2522	7022
2529	7022
2528	7022
5065	7061
5064	7048
5067	7065
5061	7047
5060	7065
5063	7046
5062	7046
5069	7063
5068	7061
4408	6988
4409	7064
4404	7000
4405	6996
4406	6961
4407	6996
4400	7040
4401	7036
4402	7001
4403	7048
928	7041
929	7060
920	7057
921	7061
922	7000
923	6917
924	6917
926	7064
927	7058
5393	7033
5392	7032
5391	7007
5390	7062
5397	7025
5396	7056
5395	7059
5399	7062
5398	7064
7451	7049
784	6883
785	6975
786	7061
787	7039
780	7052
781	7059
782	7065
783	6975
788	6907
789	6717
2357	7061
7159	6982
1370	7046
7157	6982
7156	6982
7155	6982
7154	6982
7153	7055
1373	7059
7151	6988
7150	7063
404	7065
403	7054
402	7057
401	7062
8068	7053
8069	7061
8066	7003
8064	6992
1376	7058
8062	6992
8063	7065
8060	7065
8061	7054
7485	7048
7484	7064
7487	7048
7486	7048
7481	7045
7480	7045
7483	7059
7482	7059
2899	7049
2898	7063
2895	7026
2894	7026
2896	6945
2891	7026
2890	7026
2893	7026
2892	7026
1454	7055
1455	7055
1104	7038
1457	7060
1450	7054
1103	7042
1452	7045
1453	7000
1458	7055
1724	7065
1108	7038
1109	7038
1725	7065
5241	7065
5240	7053
1894	7060
5243	7041
5242	7040
1896	7026
1890	7039
1837	7032
1892	7065
1893	7055
4923	7034
2137	7061
4921	6912
4692	7062
4798	7042
4799	7040
4794	7062
4927	6900
4796	7051
4797	7025
4790	7062
4791	7017
4792	7018
2133	7003
5836	7055
5837	7059
5834	7064
5835	7059
5832	7048
5833	7063
5830	7052
4924	7021
5838	7058
5839	7022
8128	7065
4	7013
2669	7055
6901	7056
3004	7044
2778	7050
2779	7049
4899	6998
4898	7059
2770	7044
2771	7050
2772	7056
4890	7042
2774	7001
2775	6990
2776	7038
2777	7029
7979	7064
7978	7064
7975	7065
7974	7065
7976	7065
7970	7026
7522	6939
6264	7054
6265	7054
6262	7047
6263	7064
6261	7047
5167	7023
3008	6928
1589	7054
7528	7050
847	7056
3466	7044
845	7056
844	7016
843	7058
842	7057
841	6980
840	7017
7158	6982
849	7044
848	7064
664	7024
1583	6998
4905	6912
2407	7065
1585	6997
1739	7041
1738	7064
1731	7039
1730	6969
1733	7028
5233	6933
1735	7054
1734	6995
1737	7058
1736	7041
2404	7029
3070	7060
3071	7061
1597	7049
1596	7000
3074	7061
1590	7065
1593	7061
1592	7022
3078	6988
1599	7064
2402	7064
5649	7056
5648	7061
5640	7033
5643	7050
5645	7022
5644	7038
5647	7054
5646	7062
8065	6992
450	6932
4826	7065
489	7058
488	7062
486	7044
481	7054
480	7054
6468	7029
6469	7064
6460	7050
6461	7051
6462	7037
6464	7049
4827	7053
6466	7029
6467	7065
7742	7058
7743	7056
7740	7057
7741	7065
7747	7059
7744	7046
7745	7038
3922	7032
3923	7033
3920	7065
3921	7047
3926	7031
3927	7041
3924	7055
3925	7061
3928	7065
3929	7063
6723	7053
6721	7055
6720	7041
6727	7029
6726	7052
6725	7042
6724	7048
6729	7041
6728	7029
453	7033
6098	7057
6091	6981
6093	7065
6092	6981
6094	7028
6097	7040
6096	7055
3678	7055
3679	7064
3673	7064
3670	7031
3671	7053
3676	7040
3677	7062
3674	7061
3675	7040
2543	7044
2542	6985
2541	7021
2540	6910
2547	6936
2546	7043
2545	7064
2544	7021
2549	7021
2548	7064
1456	7055
1105	7052
1102	7041
1451	7065
5003	7063
5002	6965
3582	7040
3583	7062
3584	7040
3585	7064
5005	6988
3587	7001
3589	7064
5009	7062
1101	7028
902	7058
903	7057
900	7063
4429	7059
906	7046
907	7056
904	6928
905	7062
4422	7006
4423	7002
908	7044
909	7048
4426	7063
4427	6951
4424	7034
4425	7061
3293	7047
7175	7052
7174	7026
7177	7026
7176	7057
7171	7055
7170	7060
7173	7065
7172	7065
7179	7057
7178	7055
2916	7059
718	7059
1696	7058
1697	6942
1694	7049
1695	7049
1692	7064
1693	7065
1690	7065
1691	7040
1698	7049
1699	7049
1472	7057
1473	6965
1470	6896
1471	6968
1476	7060
1474	7065
1478	7051
4228	7065
4229	7065
4224	7029
4225	6923
4220	7053
4221	7047
4222	7029
4223	7060
24	6874
5587	7049
5584	7053
27	7014
20	6965
21	7041
5580	7064
23	7009
28	6945
29	6974
5588	7034
5589	7052
1068	7065
1061	7049
1060	7062
1062	7038
1064	7050
1067	7058
2288	7043
2289	7022
2280	7065
2281	7055
2282	7053
2283	7055
2285	6990
2286	7064
2287	7065
4538	7030
4539	7056
4828	6884
2056	7031
4534	7042
4535	7065
4824	7016
8233	7035
4530	7021
8231	7035
4823	7065
7759	7065
7919	7065
4820	7039
4795	6974
7913	7055
4926	7032
7911	7065
4533	7062
7916	7065
7915	7060
7914	7064
6288	7033
8235	7056
6286	7064
6287	7033
6280	6990
6281	7045
6282	6990
182	6958
183	7065
180	7042
181	7058
187	7031
185	7053
188	7054
189	6983
869	7063
868	7065
652	7064
3449	6909
3448	7065
861	7053
860	7063
863	7056
3446	7025
3441	7055
3440	6884
867	7065
866	7052
2024	7035
2025	7035
2026	7035
2027	7035
2020	7035
2021	7035
2751	7044
2028	7034
2029	7061
2758	7063
2759	7042
5216	7058
5217	7043
5214	7042
5215	7027
5213	7042
5210	6955
5218	7064
5219	7064
418	7057
3059	7027
3056	6973
3057	7030
3054	7015
3055	7027
3052	7015
3053	7058
3050	7018
3051	7015
4594	7031
8	6970
1317	7065
1316	7059
1315	7004
1314	7065
1313	6998
1312	7063
1311	7064
1310	7047
1319	7002
1318	7064
6446	7037
6447	7040
6444	7037
6445	7054
6442	7052
6443	6980
6440	7054
6441	7041
6918	7030
6448	6933
7728	7064
7729	7057
7720	7050
7721	7042
7724	7059
7726	7055
7727	7047
3948	7026
3949	7045
3941	7063
3942	7046
3943	7041
3944	7041
3945	7061
3946	7011
3947	7063
6709	7053
6701	7051
6700	7047
6703	7006
6702	7054
6705	7036
6707	7051
6706	7053
3841	6998
7535	7052
7534	7059
4057	7045
4056	7052
4055	7056
4053	7064
4051	7021
4050	7040
4059	7062
4058	7049
3610	7063
3611	7054
3613	7047
3614	6973
3615	6962
3616	7043
3617	6988
3618	7049
3619	7049
3842	7056
7536	7052
2569	7065
2568	7035
2561	7063
2560	6863
2563	7061
2562	7054
2565	6481
2564	7024
2567	7049
2566	6983
5029	7039
5028	7022
5020	6778
5022	6946
5024	7064
5026	7062
4440	7061
4441	6903
4442	7053
4443	7048
4444	6951
4445	6951
4446	7062
4447	7054
4448	7022
4449	7033
964	7064
965	7043
966	7044
967	7039
960	7041
961	7052
962	7053
963	7046
968	7061
969	7065
1537	7041
1536	7061
1535	7065
1534	7056
1245	7062
1532	7048
1247	7002
3095	7035
7327	7063
1248	7050
5199	7040
5198	7063
3234	7055
3235	7030
641	7065
5195	7063
5194	7061
1614	7018
1615	6949
1960	7065
640	7046
5190	7011
7113	7056
7112	7065
7111	7065
7110	7041
7117	7035
5193	7057
7115	7062
7114	7065
7119	7061
1963	7063
643	7033
1678	7047
1679	6985
1674	7061
1675	7064
1676	7058
1677	7062
1670	7059
1671	7056
1672	7064
642	7064
645	7037
3962	7037
1418	7060
1419	7019
1410	7062
1411	7041
1412	7060
1413	7063
1416	7022
644	7044
3963	7050
4208	7044
4209	7005
4202	7033
4203	7033
4200	7054
4201	7022
4206	7033
4207	7005
4204	7062
4205	7031
647	7032
5568	7041
5569	7053
5564	7042
5565	7054
5566	6979
5567	7046
5561	7047
5562	7035
5563	7022
646	7045
308	7015
309	7056
300	7050
301	7062
302	7001
303	7062
304	7016
305	7059
306	6949
307	7058
4893	7064
4891	7054
2773	7056
4897	6974
7415	7056
4896	6924
4894	6988
6118	7065
6119	7046
6114	7065
6116	7050
6110	7054
6111	7047
6112	6985
6113	6985
7283	7064
7282	7065
7281	7061
7280	7018
7287	7064
7286	7064
7285	7064
7284	7065
7939	7063
7938	7064
7289	7053
3429	7053
3423	6978
3422	7060
3427	6978
3426	6978
3425	7043
3424	6978
2002	7037
2003	6979
2000	7061
2001	7041
4588	7023
2004	7051
4858	6730
4857	6730
4584	7050
4587	7033
4586	7057
4853	7057
4852	7059
4851	7049
4850	7059
6269	7053
8158	6928
8156	7063
8157	7052
7392	7008
1087	7057
1086	7062
1085	7057
1084	7046
1083	7063
1082	7063
1081	7043
1080	7014
1089	7043
1088	7062
449	7043
448	6932
1339	7063
1338	7065
1335	7010
1334	7057
1337	7057
1336	7046
1331	7058
1330	7060
1333	7064
1332	7064
6933	7051
6930	7061
6936	7026
6934	6981
6935	7065
8126	7046
6938	7049
8124	7064
8122	7060
8121	7064
8120	7065
7706	7065
7707	7055
39	7035
38	7050
7703	7061
7701	7048
33	7037
32	7042
31	7036
30	7039
37	7053
36	6954
35	7023
34	7046
1903	7063
7514	7061
3467	7063
3465	7056
3464	7051
3463	7029
3462	6980
4079	7052
4078	7044
4075	7036
4074	7054
4077	6996
4076	6921
4071	7027
4070	6949
4073	6971
4072	7024
5797	7065
3967	7021
3964	6974
3965	7009
5793	7054
5792	7037
3960	6997
3961	7060
7510	7058
5799	7035
3969	6944
3638	7060
3639	7054
3636	7064
3637	7063
3634	6964
3635	6948
3632	7060
3633	7010
3630	7053
3631	6926
3469	7049
3468	7065
4468	7016
4469	7022
4466	7036
4467	7050
4464	7057
4465	7060
4462	7055
4463	7044
4460	7063
4461	7064
948	7059
949	7062
946	6982
947	7034
944	7062
945	7063
942	7055
943	7048
940	7042
941	7032
6327	6914
6326	7065
6325	7064
6324	7065
6323	7010
6321	7057
6320	7017
6328	7044
6560	6965
7139	7029
7138	7029
4793	7065
7131	7034
7130	7048
7133	6908
7132	7046
7135	6908
7134	7058
7137	6782
7136	7014
1658	7051
1659	7046
1652	7055
1653	7061
1650	7065
1651	7055
1656	7059
1657	7061
1654	7055
1655	7059
586	7045
5238	7051
584	7063
585	7064
582	7041
583	7018
580	7060
5239	7053
588	7061
589	7057
2839	7061
2838	7023
2835	7034
2834	7057
2833	7064
2832	6995
2831	7024
2830	7038
3391	7064
3390	7031
3393	7035
5404	6951
1432	7064
1433	7030
5401	7064
5400	7064
3399	7063
3398	7027
1438	7061
419	7065
5230	7061
5231	7052
7688	7045
5232	7053
4260	7065
4261	7042
1732	7056
4264	7040
4265	7057
4266	7031
4267	7057
4269	7037
3702	7038
3703	7038
1885	7049
5548	7003
5549	7037
3263	6974
5542	7058
5543	6961
5540	7063
5541	7035
5544	7061
5545	7034
1881	7063
1880	7060
5890	7053
5891	7054
5892	7031
5895	7003
5896	7052
5897	7056
7942	7063
5899	7061
2127	7052
4862	7020
2126	7058
4664	7057
2128	7059
4666	6986
4667	7021
4863	6730
4660	7060
4661	7011
4662	7009
4663	7023
4860	7013
322	7049
323	7056
320	7034
321	7046
326	7056
327	7062
324	7036
325	7008
328	7056
329	7054
1595	7065
6139	7062
1594	7027
6132	7064
6133	7065
6130	7053
3072	7040
6134	7061
6135	7064
3073	7053
1591	7065
3075	7065
3076	7061
3077	7059
3252	7045
2249	7047
2244	7063
2246	7055
2247	7064
2240	6912
2241	7053
2242	7049
2243	7050
3401	7027
3400	7027
3403	7044
3402	6953
3405	7063
3404	6988
3407	6953
3406	7058
3409	7047
3408	7046
2654	6877
7537	7052
4875	6947
4874	7047
4876	7064
4871	6994
4870	7055
4873	7000
4872	6994
7531	7032
4879	7026
2068	7061
2069	7036
2798	6925
2799	7011
2792	7055
2793	7060
2790	6843
2791	7055
2796	7045
2797	7027
2794	7054
2067	7059
3256	7048
3257	7049
4855	7053
5690	7062
6178	6940
7096	7044
7094	7047
7095	6987
7092	6988
7090	7047
7098	7065
7099	7059
4883	7058
8105	6910
8104	6910
1359	7055
1358	6997
469	7036
468	7055
8103	6910
8102	6910
465	7024
1352	7022
467	7035
1350	7024
1357	7001
460	7060
1355	7057
1354	7053
6958	7064
6959	7064
6488	7058
6489	7063
6950	7058
6483	7046
6480	7065
6481	7060
6486	7003
6487	7064
6484	7063
6485	7065
4885	7058
8214	6984
3184	6965
3185	7053
3186	6965
3187	6965
3180	7022
3181	7057
3182	6965
3183	7031
3188	7025
3189	7047
4019	7057
4013	7007
4012	7048
4011	7017
4010	7046
4016	7060
4015	7058
4014	7062
3989	7047
3984	7013
3985	7034
3986	6968
3987	6931
3980	7043
3981	6968
3982	7037
3983	7062
5796	6959
1111	6981
1110	7038
1113	7053
289	7045
288	7045
1112	7038
1443	7063
283	7060
282	7006
285	6986
284	7056
287	7045
1442	7054
5794	7051
2477	7060
2476	7057
2475	7063
2474	6934
2473	7027
2472	7026
2471	7064
2470	6996
2479	7059
2478	7057
7874	7039
7875	7064
7877	7058
7870	7018
7871	7064
7873	7063
7878	7064
7879	7064
6305	6926
6304	7048
6307	7059
6306	7042
6301	7052
6302	7040
2907	7048
2906	7055
3214	6873
3215	6873
3216	6970
3217	6873
3210	7039
3211	7045
3212	6873
3213	6873
1638	7048
1639	7035
2904	7054
3218	6873
3219	6873
1988	7061
1989	7061
2909	6994
2815	7041
2814	7055
2817	7065
2908	7050
2811	6978
2813	7062
560	7053
561	7057
562	7031
563	7031
2819	7026
2818	7039
566	7062
567	7062
5429	7062
5428	7054
3379	7059
3378	7045
3377	7058
5424	7031
5427	7042
5426	7053
3373	7058
1183	7044
5423	7002
5422	7034
4248	7043
4249	7049
4246	6988
4247	7011
4244	6988
4245	7052
4242	7029
4243	6988
4240	7029
4241	7029
5520	7056
5521	7064
5522	6967
5523	6967
5524	6901
5525	6967
5526	7057
5527	7024
5528	7057
5529	7002
48	7040
49	7031
46	7046
47	6900
44	7023
45	7055
42	7021
43	7064
40	7047
41	7035
4960	7063
6547	7032
6546	7065
6545	7065
6544	7032
6543	7053
6542	7054
6541	7027
4849	7059
6548	7059
5310	6995
344	7059
345	7063
346	6885
347	7051
340	7055
341	6973
342	7059
343	7060
348	7042
349	7061
7518	7030
6150	7059
6151	7043
6152	7063
6153	7063
6155	7012
6156	7027
6157	7057
6158	6983
4831	7043
4526	7060
3237	7058
4524	7048
4835	7028
4521	6951
8209	7065
2268	7057
2269	7059
2262	7031
2260	7031
2261	7031
2266	7027
2267	7057
2264	7016
2265	7005
8205	7053
4813	7055
2047	7057
2044	7030
2045	6993
2042	7030
4816	7039
2040	6993
2041	7057
4819	7043
4818	7020
2049	7062
7629	7050
8237	7063
8236	7063
7079	7021
7074	7039
7070	7064
7071	7063
7072	7027
7073	7059
6976	7036
8162	7064
6974	7055
6975	7026
6972	6982
8166	7065
8165	7037
6971	7059
8169	7053
8168	7064
6978	7006
6979	6997
4389	7038
4383	7055
4382	7039
4381	7039
4380	7039
4386	7046
4385	7038
4384	7032
407	6848
406	7032
405	7051
1372	7062
1375	7060
1374	6623
1377	7047
400	7055
1379	7058
1378	7051
409	7064
408	7062
4031	7042
4030	7037
4035	7041
4034	7063
4037	6817
4036	7007
4039	7059
4038	7063
8173	7062
8174	7064
2459	7026
2458	7042
2455	7026
2454	7026
2457	7026
2456	7016
2451	7055
2450	7026
2453	7026
2452	7020
7852	6942
7853	7064
7850	7038
7851	7038
7856	7065
7857	7051
7854	7065
7855	7064
656	7064
657	7062
1500	7005
1501	7034
3089	6938
6360	7034
6367	7057
6366	7050
3088	6970
650	7008
651	7062
4982	7009
1509	7031
1601	7061
658	7053
1600	7051
659	7025
1603	7036
1602	7050
1605	7063
1604	7062
1607	7063
1606	7063
3232	7042
3233	7046
3230	7042
3231	7042
1968	7047
1969	7057
1618	7061
1619	7063
1616	7057
1617	7062
3238	7026
3239	7063
1612	6920
1613	7055
1610	7055
1611	7040
2872	6980
2871	6730
2870	6976
2877	7009
2876	7028
2875	7048
2879	7039
3355	7062
3354	7058
3357	7059
3356	7041
3351	7057
3350	7044
3353	6856
3352	6729
3359	7041
3358	7041
5449	7018
5448	7056
5442	7058
5440	7064
5447	7063
5446	7038
5445	6999
5508	7063
5509	7057
5506	7050
5507	7063
5504	7065
5505	7060
5503	7060
5500	7049
5501	7055
542	7058
543	7045
540	7046
541	7063
546	6907
547	7045
544	7061
545	7044
548	7045
549	7052
3320	7014
6568	7039
3321	7036
6565	7020
6567	7050
6566	7044
6561	7065
3322	7059
6563	7034
7687	7056
7686	7064
7685	7062
5475	7062
7683	7054
7682	7021
5472	7058
5473	7049
3827	7048
3580	7026
3825	6942
3824	7028
3823	7057
3822	7027
3821	7064
3581	7040
5001	7053
3829	7026
5000	7053
5006	7033
3586	6962
7538	6996
368	7039
369	7020
366	7054
367	7053
364	7047
365	7058
362	7064
363	7044
7533	7055
5008	7053
5133	7053
6179	7060
6176	7063
6177	7065
6174	7062
6175	7044
6170	7052
6511	7047
7902	7060
2200	7065
2201	7065
2202	7064
2203	7063
2204	7063
2205	7045
2206	7034
2209	7015
4428	7058
4839	7028
4838	7059
4529	7026
4528	7050
4527	7042
4830	7049
4833	7055
4832	7046
4523	7029
4834	7028
4837	7059
4836	7028
7993	7056
7992	7042
7991	7044
7996	7047
7995	7058
7994	7049
7999	7052
7998	7052
5298	7041
5299	7062
5296	7050
5294	7062
5295	7035
5290	7052
5291	7052
8141	7032
8140	7032
8142	7039
8145	7061
8144	7039
8146	7064
7337	7040
7336	7040
7335	7059
7333	7021
7332	7040
7330	7061
5510	7033
7059	7040
7052	6961
7053	7036
7050	7020
7051	7051
7056	7045
7057	7003
7054	7008
7055	7042
8149	7060
8148	7047
6998	7053
6999	7053
6994	7017
6995	7064
6996	7059
6997	7059
6990	7018
6991	7060
8147	7062
6993	7018
2998	7063
2999	7035
59	7025
58	7022
55	7003
54	7036
57	7057
56	6949
51	7026
50	7045
53	6999
52	7065
2990	7055
2991	7042
2992	7034
2993	7017
2994	7045
2995	7049
2996	7010
429	7063
428	7050
1399	7062
1398	7062
1397	7062
1396	7057
423	7061
1394	7054
1393	7043
1392	7064
427	7061
1390	7016
854	6956
855	7059
856	6863
857	7027
850	7059
851	7064
852	7012
853	7056
1422	7064
1425	7063
2330	7051
1424	7040
2331	7065
2332	7036
2333	7063
2334	7065
2335	7065
2336	7065
4713	7044
6699	7059
6698	7065
6692	7063
6691	7041
6690	6941
6697	7065
6696	7058
6695	7063
2439	7026
2438	7026
2433	7006
2437	7055
2435	7035
2434	7065
7839	7028
7830	7030
7831	7060
7832	7030
7833	7062
7834	7030
7835	7061
7836	6877
7837	7060
6340	7053
6344	7061
6347	7042
6346	7054
6349	7048
6348	7048
5470	7047
3782	7060
1806	7057
1805	7040
3781	7054
1803	7056
3787	6929
3784	6969
1800	7046
3788	7065
1809	7064
1808	6966
4996	6918
4994	7046
4995	6918
4992	7048
4993	7048
4991	7061
4999	7060
1547	7050
6517	7065
3258	6924
3259	7048
1948	7019
3250	7062
1943	7053
1940	7025
1941	7054
1946	7048
1947	7049
1944	7051
1945	7063
2859	6883
2858	7063
2851	7024
2850	7064
2853	6988
2852	7064
2855	7054
2857	7058
2856	7048
5461	7061
5460	7061
5463	7053
5462	7041
1494	6972
1495	7060
5467	7040
5466	7056
1498	7042
5468	7056
3339	7055
3338	7039
1395	7002
422	7063
425	6960
424	7065
1391	7059
426	7033
524	7056
525	7052
527	7051
520	7056
521	7061
522	7056
523	7056
528	7051
529	7051
1234	7047
1235	7053
1236	7044
1237	7062
1230	7053
1231	7049
1232	7060
1233	7054
1238	7049
1239	7045
8286	7062
8287	7051
8284	7057
1964	7046
8282	7061
8283	7060
8288	7047
8289	7062
6509	7062
6508	7062
6503	7038
6502	7063
6501	7049
2489	7054
6507	7062
6506	7062
6505	7059
6504	7065
1965	7062
2487	7034
4675	6998
2485	6805
3809	7030
3808	7048
3805	7061
3804	7030
3807	7051
3806	6988
3801	7039
3800	7055
3803	7020
3802	7061
2480	7054
4906	7024
1967	7053
7553	6968
7550	6973
7557	7049
7554	7055
4174	7061
4175	7036
4176	7061
4177	7061
4170	7062
4171	7054
4173	7023
1961	7021
4178	7054
4179	7048
1962	7060
7391	7036
7390	7047
7393	7044
2228	7051
2229	6752
2226	7029
2227	7065
2224	7064
2225	7041
2222	7061
2223	7041
2221	7061
5924	7065
5925	7063
5926	7053
5927	7037
5920	7062
5921	7031
5922	7048
5923	7038
5928	7053
4504	7058
4507	7016
4500	7028
4503	7064
4502	7065
4509	7065
4508	7044
2088	7036
2089	7060
2082	7052
2083	7058
2081	7052
2086	7060
2087	7060
2084	7036
2085	7060
7319	7039
7318	7061
7315	7044
7317	7050
7316	7060
7310	7051
7030	7060
7034	6500
7035	7063
7036	7061
7037	6985
7038	7054
7788	7062
7789	7056
7782	6998
7783	6998
7780	7062
7781	6998
1009	7057
1008	7031
1007	7062
1006	7016
1005	7058
1004	7052
1003	7062
1002	6945
1001	6945
1000	6971
4349	7023
4348	7037
4347	7012
4346	7037
4345	7047
4344	7052
4343	7054
4342	7053
4341	7055
4340	7031
3304	7041
5718	7039
5717	7006
5714	7031
5713	7050
5712	7065
5711	7065
5710	7065
3305	7055
3577	7030
7814	7016
3576	7032
7812	7062
7813	7064
7810	7050
7818	7054
7819	7047
2667	6930
2664	7058
2665	7054
2662	7035
2663	7065
2660	6917
2661	7058
1829	7058
1828	7057
1825	7032
1827	7062
1826	7032
1821	7059
1820	7031
1823	7010
1822	7056
2147	7053
2146	7053
2413	7065
2412	7063
4978	7063
4979	7063
2417	7054
2416	6975
4974	7053
2418	7065
4976	7051
4977	7036
4970	7041
4971	7060
4972	7064
4973	7064
1920	7048
3277	7021
3274	6996
3275	7056
3272	7059
3273	7021
3270	7062
3271	7052
1928	7035
1929	7039
3278	7048
3279	7061
25	6996
26	7015
3319	7038
3318	6842
5489	7057
5488	7064
5487	7025
5486	7064
5485	7034
5484	6958
5483	7064
5482	7035
5481	7051
5480	7056
22	7065
5581	7065
7515	7037
60	7062
61	7054
62	7045
63	7029
64	7049
65	7047
66	6999
67	7044
68	6737
1985	7040
509	7050
506	7018
507	7056
504	7059
502	7054
501	7062
1212	7055
1213	7061
1210	7001
633	7030
1216	7061
635	6998
636	7055
637	7026
638	7031
639	7050
1218	7062
1219	7062
6521	7029
6520	7062
6523	6992
6522	7048
6525	7055
6524	7054
6527	7065
6526	7050
6529	7048
6528	7063
8266	7064
8260	7065
8261	7065
8262	7058
8263	7060
8276	7056
3869	7059
3863	7061
3862	7063
3867	7041
3865	7065
3864	7064
7571	7002
7570	7062
7572	7002
7574	7038
7577	6964
7576	6964
7579	7043
7578	7053
4152	7037
4153	7039
4150	7046
4151	7032
4154	7039
4155	7032
4159	7064
8138	7017
5902	7025
5903	7030
5907	7021
5908	7012
5909	7062
3489	7056
3488	7060
3481	7054
3480	7030
3483	7005
3482	7023
3487	7065
3486	7034
4563	7059
4562	7040
4561	7048
4560	7063
4567	7061
4566	7058
4565	7064
4564	7042
4569	7039
4568	6875
6064	7065
6066	7025
6067	7025
6060	7028
6061	7028
6062	7064
6063	7028
6068	7020
6069	7061
2604	7062
2605	7024
2606	7024
2607	7052
2603	7062
2608	7062
2609	7062
7379	7061
7378	7018
7373	7051
7372	6958
7371	7065
7377	6985
7376	7062
7374	7042
7018	7053
7019	7065
7016	7053
7017	7053
7014	7065
7015	7053
7012	7063
7013	7053
7010	7053
7011	7060
732	7064
5454	7035
8132	7045
753	7045
1807	7055
751	7045
750	7062
756	7035
755	7020
754	7034
759	6967
758	7062
3780	7060
1804	7057
2958	7019
738	7056
2954	7065
2955	7046
2956	7060
2957	7040
2950	7060
2951	7029
2952	7065
1802	7059
1025	6992
1024	7020
1027	7065
1026	6904
1021	6992
1020	7045
5342	7052
1022	7054
3785	7026
1029	6828
1028	7053
5456	6949
4365	7037
4364	6980
4366	7061
4361	7002
4360	7050
4363	7023
4362	7049
4369	7063
4368	7036
5457	6996
3108	7041
3109	7043
3104	7033
3105	7016
3106	7036
3107	7063
3101	7062
3102	7062
3103	7045
5	7051
4093	7058
4092	7043
4091	7043
4090	7043
4097	7029
4096	7029
4095	7049
4099	6871
4098	7003
5735	7016
5737	7054
5731	7065
5730	7065
5733	7063
5732	7060
5739	7035
5738	7011
8097	7043
8096	7024
8095	7024
8094	7062
8093	7024
8092	7059
8091	7024
8090	7049
8099	6910
8098	6910
6658	7064
6657	7063
6656	7045
6655	7045
6654	6995
6653	6995
6652	6995
6651	6995
6650	6995
6387	7037
6381	7062
6380	7063
6383	7065
6389	6998
6388	7018
2381	6911
2380	7044
2382	6977
2385	7059
2384	6967
2387	7003
2386	7042
2389	7060
2388	7060
1849	7045
1848	7051
1842	7019
1841	6970
1840	7015
1847	7033
1846	7048
1845	7048
1844	7048
2169	7050
2168	7063
3251	7059
4952	7065
4953	7036
4950	7044
4951	7044
2161	7060
4957	7037
4954	7053
3253	7046
2129	7029
3255	7043
3966	7034
3298	7050
3299	7050
5139	7056
5138	7063
3294	7027
5136	6991
5135	6961
3297	7003
3290	7010
5132	7046
3292	7058
5130	7052
6890	7055
6892	7051
6895	7064
6897	7052
6896	7062
6899	7053
1278	7005
1279	7020
618	7057
619	7049
1270	7054
1271	7065
1272	7047
611	7058
616	7058
617	7060
1276	7047
1277	7044
8248	7033
8249	7033
8242	7064
8243	7055
8241	7065
8246	7050
8244	7039
8245	7039
1490	7060
3332	7047
1492	7034
1493	7042
5465	7042
1496	6942
1497	6992
5469	7061
1499	7062
3595	7058
7599	7017
7598	7050
7597	7052
7595	7004
5039	7065
7593	7040
7590	7050
3598	7051
4138	6968
4139	7039
4130	7065
4131	7039
4132	7039
4133	7065
4134	7034
4135	7065
4136	7051
4137	7059
5692	7058
5693	7050
3843	7004
5691	7057
5696	7047
5697	6921
5694	7053
5695	6900
3849	7038
3848	7040
5698	6907
7912	7065
7910	7056
5969	7014
5960	7063
5961	7061
5962	7056
5963	7025
5964	7007
5965	7048
5966	7059
5967	7027
4543	7039
4542	7052
4545	7061
4544	7063
4547	7003
5371	7046
2594	7007
2595	6983
2596	7057
2597	7048
2591	7043
2592	7022
2593	7005
2598	7050
2599	7055
1070	7065
6042	7033
6043	7053
6041	7052
6046	7064
6047	7052
6044	7045
6045	7053
6048	6986
6049	7059
2623	6922
2620	7017
2621	7060
2626	7063
2627	6926
2624	7023
2625	6973
2628	7061
2629	7048
7351	7042
7350	7059
7353	7052
7352	7056
7355	7052
7354	7060
7357	7055
7359	7042
8204	7052
775	7059
774	7060
776	7060
771	7043
770	7032
773	7060
772	7065
779	7063
778	7033
77	7038
76	7053
75	7008
74	7025
73	7035
72	6732
71	6914
2972	6832
2973	7038
2970	6984
2971	6965
2976	7058
2977	7046
79	7013
78	7020
5362	6990
5363	7042
1041	7011
1040	7064
1047	7056
1046	7036
1045	7056
1044	7065
1049	7062
1048	7065
4303	7027
4307	7061
4306	7026
4305	7026
4304	7026
4308	7035
3128	7059
3129	7062
3123	7063
3120	7047
3126	7025
3127	7057
3124	7062
3125	7031
5753	7059
5752	7060
5751	7060
5750	7046
5757	7044
5756	7045
5755	7047
5754	7017
3445	7028
4609	7026
3444	7025
3447	6860
862	7065
865	6881
864	7065
3443	6983
2757	7055
2754	7027
7434	7049
7436	7049
2755	7026
7430	6917
7431	6917
2752	7050
7439	7054
2753	7022
2323	6868
2322	7026
2023	7035
2321	7047
6675	7049
6674	7049
6677	7049
2320	7043
6671	7064
6670	7043
6673	7049
6672	7049
6679	7049
6678	7049
2326	6929
2325	7050
2324	7025
8285	7056
5197	7065
4708	7062
5196	7041
2369	6850
2368	7051
2367	7058
2366	7045
2365	7005
2364	7032
2363	7065
2362	7050
2361	7051
2360	7064
5191	7049
1861	7044
1860	7027
1863	7010
1862	7061
1865	7029
3729	7058
1867	7065
1866	7045
3724	6974
3725	7059
3726	7053
3727	6951
3720	7025
3722	7054
3723	7051
4686	7000
4687	6993
4684	7054
4933	7059
4682	7063
4683	7016
4936	7059
4937	7053
4938	7059
4688	7044
4689	7062
2109	6994
2108	7053
2103	7063
2102	7025
2101	7046
2100	7058
2106	7047
2105	7050
2104	7063
5115	7050
5114	7062
5117	7059
5116	6985
5111	7052
5110	7035
5112	6924
5119	7058
5118	7057
5192	7052
9	7025
890	7058
891	7058
892	7056
893	7046
895	7046
896	7000
897	7050
898	7054
899	7060
1788	7060
1789	7063
1780	7041
1781	7036
1782	7065
1783	7017
1784	7051
1785	7051
1787	7042
6878	7036
6877	7036
6876	7036
6875	7060
6873	7060
6871	7062
6870	7065
8221	7061
8222	7062
678	7041
679	7057
8226	7056
8227	7016
674	7060
675	7063
676	7032
677	7052
670	7049
672	7052
673	7050
7609	7052
7608	7063
7605	7057
7604	7046
7602	7048
7601	7064
7600	7017
2493	7062
2492	7042
2495	7038
2494	7038
2497	7057
2496	7062
1524	7058
1525	7045
1526	7061
1527	6990
1252	7063
1521	7030
1522	6883
1523	7065
1528	7063
1529	7055
1258	7063
1259	7037
4116	7027
4117	7043
4110	6985
4111	7033
4119	7060
7103	7052
3340	7061
7109	7065
3341	7055
5946	7063
5947	7063
5944	7065
5945	7044
5942	7050
5943	7052
5940	7059
5941	7017
5949	7064
6028	7037
6029	7062
6020	7055
6021	7048
6022	7037
6023	7014
6024	6998
6026	7063
6027	7046
2648	7046
2649	7053
2640	6994
2641	6994
2642	6994
2643	7026
2644	7061
2645	7052
2646	6985
2647	7034
3557	6996
3556	7045
3555	7032
3554	7025
3553	7053
3552	7030
3551	7030
3550	7030
3558	7024
2910	7059
2912	7011
2913	7056
2914	7043
719	7060
2917	7039
2918	7015
2919	7064
715	7052
714	7034
713	7062
712	7057
711	7060
710	6990
5308	7035
5309	7058
5300	7062
5301	6978
1063	7062
5303	7044
1065	7047
5305	7041
5306	7055
1066	7064
4329	7047
4328	6844
4321	7037
4320	7060
4323	7025
4322	7029
4325	7054
4324	7060
4327	7007
4326	7055
3140	6997
3142	7034
3143	7005
3144	6972
3145	7027
3146	7056
3147	7063
3148	7000
3149	7055
1630	7064
5778	7059
5771	7044
5770	7060
5773	6977
5772	7030
5775	7046
5774	7064
5776	7042
1632	7063
1633	6998
7413	7057
7416	7049
7417	7064
7414	7057
1634	7056
7418	7065
7419	7064
6613	7019
6612	7060
6611	7056
6617	7008
1635	7056
6615	6970
6614	7050
6619	7013
6618	7015
3500	6975
1636	7049
3504	7020
1637	7029
3506	7035
2345	7052
2344	7054
2346	7064
2341	7057
2340	7037
2343	7058
2342	7044
2349	7058
2348	7048
3708	7003
3709	7060
1889	7063
1888	7041
1887	7065
1886	7063
3700	7053
1884	7032
1883	7063
1882	7063
3704	7038
3705	7064
2121	7046
2120	6940
2125	7065
4669	7031
4918	6912
4919	6912
4916	6912
4917	6912
4914	7024
4915	7056
4912	7024
4913	6912
4910	7050
4911	6912
6917	7033
6910	7000
6911	7039
5173	6995
5172	7025
5171	7049
5177	7010
5176	6933
5175	7019
5174	7060
5179	6884
5178	7032
133	7061
132	7025
130	7054
137	7055
136	6932
135	7057
134	7063
139	7042
138	7033
410	7064
7254	7049
7255	7051
7257	7058
7250	7054
7251	7063
7252	7063
7253	7030
6855	7031
6854	7041
6856	7010
6850	7042
6852	7035
6859	7057
6858	7062
5339	7047
88	7025
89	7039
82	7055
83	7062
80	7024
81	7025
86	6916
87	6903
84	7062
85	7062
6583	7018
6582	7018
6581	7018
6580	7018
6587	7008
6586	7008
6585	7018
6584	7018
8206	6991
6589	7063
6588	7008
8202	7053
8203	7053
7625	7056
7624	7062
7626	7057
7620	6984
7623	7064
7128	7052
7828	7062
3368	7013
1502	7065
1503	7062
654	7064
655	7006
1506	7030
1507	7044
1504	7056
1505	7061
3085	7055
3084	6947
3087	7063
3086	7058
3081	7037
3080	7048
3083	7064
3082	7053
3369	7013
3885	7044
3887	7026
3886	7044
3881	7046
3880	7016
3883	7034
3882	6995
3889	7064
3888	7055
2484	7048
7123	7037
1291	7035
1296	7058
6006	6981
6007	7060
6004	7024
6005	7027
6003	7043
6000	7026
6001	7050
1297	6818
6009	7046
995	7065
994	7029
7397	7042
996	6917
991	7062
990	7065
993	6996
992	7054
999	7062
998	7042
5098	7065
5099	7035
3579	7056
3578	7040
5090	7065
5091	7065
5092	7060
5093	7029
3571	7028
5095	7063
5096	7059
5097	7055
4497	6876
4496	7061
4495	6876
4494	6876
4493	6876
4492	7065
4491	6941
4490	6941
2668	7056
4498	6960
2938	6978
2939	7061
2936	7057
2935	7050
2932	6989
2933	7051
2930	7029
2931	7064
5326	7043
5327	7032
5324	7057
5322	7055
5323	7031
5320	7036
5321	6973
3799	7065
5328	7041
5329	7052
1743	7065
3797	7053
1839	6970
3168	6992
3169	6904
3166	7044
3167	7044
3164	7007
3165	7044
3162	7057
3163	7040
3160	7047
2406	7065
2155	7052
2156	7024
731	7053
730	7036
733	7057
2405	7029
735	7053
734	7053
737	6754
736	7064
739	7046
2150	7053
2403	7064
4987	7045
2401	7059
2007	7050
1274	7047
7478	7035
7470	7041
7471	7064
7472	7039
7473	6990
7474	6990
7476	7061
7477	6990
6639	6897
6638	7043
6630	7045
6633	6991
6632	7060
6635	7058
6634	6962
6636	6998
4707	7062
4706	7058
4705	7061
4704	7062
4703	7062
4702	7062
4701	7062
4700	7062
2329	7064
2328	6912
4709	7051
2009	6951
3760	7051
3761	7061
3762	7062
3763	7063
3764	7060
3765	6976
3766	7052
3767	7040
3769	7010
1292	7059
1792	7017
1293	7038
286	7060
2499	7027
2498	7044
4648	7045
4649	7050
2491	7042
2490	7018
4640	7056
4641	7046
4646	7037
4647	7049
4644	7051
4645	7034
1294	7062
7899	7046
7894	6981
7892	6981
7893	7065
7890	7061
7891	6981
5159	7047
5158	7047
5151	7065
5150	7058
5153	7064
5152	7063
5155	7045
5154	7062
115	7060
114	7048
117	7037
116	7056
111	7051
110	6989
113	6969
112	7048
119	7037
118	7037
7273	7062
7270	7060
7271	7060
7276	7065
7277	7051
7278	7063
7279	7036
6833	7028
6832	7035
6837	7063
6836	7042
6835	7042
6834	7048
8005	7063
7642	7050
7647	7044
7646	7062
7645	7065
7644	7065
7649	7057
7648	7046
1748	6942
1749	6962
1744	7003
1745	7065
1746	7044
1747	7063
1740	7022
1741	7053
1742	7062
1486	7038
7927	7065
3309	7031
7924	7032
5494	7041
7925	7065
5495	7061
7922	7065
1489	7012
7923	7065
1488	6933
7920	7041
5490	7064
7921	7041
3303	7050
1568	7045
1569	7028
1298	6991
1299	7057
1560	7064
1561	7065
1290	7054
1563	7057
1564	7005
1565	7058
1566	7037
1295	7062
7462	7049
5638	7015
5639	7048
5635	7046
5636	7051
5637	7054
5630	7033
5631	7053
5633	7048
