205,196,373,247,166;0;0;-;-;-
373,114,210,214,20;1;7294,4043,5062,1352,3746;5;3
278,331,174,123,408;0;0;-;-;-
317,473,216,253,102;0;0;-;-;-
44,32,124,63,274;1;2765,3759,1913,917,635;5;4
470,174,203,99,4;0;0;-;-;-
69,184,26,103,37;0;0;-;-;-
374,106,399,156,474;0;0;-;-;-
390,197,362,109,139;1;342,306,233,7276;4;4
299,33,75,469,191;1;7252,7505,916,1618;4;4
434,151,5,60,148;0;0;-;-;-
111,299,21,227,275;1;513,7252,8047,1589,4379;5;4
57,345,451,70,77;0;0;-;-;-
361,380,274,414,430;1;1707,1913,824,2047;4;4
201,120,164,457,160;0;0;-;-;-
49,30,279,351,366;1;1623,950,2137,1565,319;5;3
267,17,388,362,351;1;2029,2813,1102,1565,4132;5;4
12,44,394,458,436;0;0;-;-;-
236,163,239,102,273;0;0;-;-;-
107,320,384,125,27;1;416,730,222,178;4;3
204,70,237,141,325;0;0;-;-;-
194,70,242,295,341;0;0;-;-;-
286,224,30,211,346;1;7866,3587,1929,2137,132;5;4
88,191,35,113,82;1;916,559,3449,67,1501;5;3
375,316,409,98,62;0;0;-;-;-
47,334,456,359,169;0;0;-;-;-
309,216,284,471,84;0;0;-;-;-
199,314,49,250,270;1;1246,1623,2148,3154,4962;5;4
155,421,92,140,253;1;1792,6645,5587,23,6676;5;4
412,88,150,413,437;1;1599,4242,1487,3356,1106;5;4
296,206,266,205,80;0;0;-;-;-
431,265,285,129,169;1;8212,948,4810,8262,1520;5;4
87,13,429,92,378;1;6291,1362,5587,2972,425;5;4
305,468,184,212,105;0;0;-;-;-
36,202,120,227,237;0;0;-;-;-
286,440,257,416,163;1;7866,5233,2204,8021,5609;5;4
292,453,262,346,364;0;0;-;-;-
365,153,239,386,366;1;2596,633,3775,5834,842;5;3
352,28,261,380,262;0;0;-;-;-
283,271,236,386,329;0;0;-;-;-
444,160,45,295,51;0;0;-;-;-
144,96,308,197,323;0;0;-;-;-
250,3,277,467,264;2;2257,2969,4962,1808,3291;5;2
72,473,354,99,211;0;0;-;-;-
400,53,440,119,55;0;0;-;-;-
282,325,165,446,359;0;0;-;-;-
358,90,342,265,379;1;554,1552,4534,321,1428;5;3
263,96,115,147,21;0;0;-;-;-
166,444,452,58,349;1;5645,4508,6346,1159,20;5;4
428,325,245,413,105;0;0;-;-;-
