205,196,373,247,166;0;0;-;-;-
373,114,210,214,20;0;0;-;-;-
278,331,174,123,408;0;0;-;-;-
317,473,216,253,102;0;0;-;-;-
44,32,124,63,274;1;2765,3759,1913,8012,1787;5;4
470,174,203,99,4;0;0;-;-;-
69,184,26,103,37;0;0;-;-;-
374,106,399,156,474;0;0;-;-;-
390,197,362,109,139;1;342,306,3119,7276;4;4
299,33,75,469,191;0;0;-;-;-
434,151,5,60,148;0;0;-;-;-
111,299,21,227,275;0;0;-;-;-
57,345,451,70,77;0;0;-;-;-
361,380,274,414,430;1;1707,1913,824,2047;4;4
201,120,164,457,160;0;0;-;-;-
49,30,279,351,366;1;1623,7360,2137,1565,836;5;3
267,17,388,362,351;1;2029,2813,1102,3850,4132;5;4
12,44,394,458,436;0;0;-;-;-
236,163,239,102,273;0;0;-;-;-
107,320,384,125,27;0;0;-;-;-
204,70,237,141,325;0;0;-;-;-
194,70,242,295,341;0;0;-;-;-
286,224,30,211,346;1;7866,3587,5252,7342,2362;5;5
88,191,35,113,82;1;916,559,3356,163,802;5;4
375,316,409,98,62;0;0;-;-;-
47,334,456,359,169;0;0;-;-;-
309,216,284,471,84;0;0;-;-;-
199,314,49,250,270;0;0;-;-;-
155,421,92,140,253;1;1792,6645,5587,23,6676;5;4
412,88,150,413,437;1;1599,4242,1487,3356,4321;5;4
296,206,266,205,80;0;0;-;-;-
431,265,285,129,169;1;8212,948,4810,8262,1520;5;4
87,13,429,92,378;1;6291,1362,5587,1583,1542;5;4
305,468,184,212,105;0;0;-;-;-
36,202,120,227,237;0;0;-;-;-
286,440,257,416,163;0;0;-;-;-
292,453,262,346,364;0;0;-;-;-
365,153,239,386,366;0;0;-;-;-
352,28,261,380,262;0;0;-;-;-
283,271,236,386,329;0;0;-;-;-
444,160,45,295,51;0;0;-;-;-
144,96,308,197,323;0;0;-;-;-
250,3,277,467,264;2;2257,2969,4962,6271,5519;5;3
72,473,354,99,211;0;0;-;-;-
400,53,440,119,55;0;0;-;-;-
282,325,165,446,359;0;0;-;-;-
358,90,342,265,379;0;0;-;-;-
263,96,115,147,21;0;0;-;-;-
166,444,452,58,349;0;0;-;-;-
428,325,245,413,105;0;0;-;-;-
