432,213,352,275,286,205,196,373,247,166;0;0;-;-;-
62,147,358,96,146,373,114,210,214,20;1;3109,7294,4043,5062,2238,1352,2296,4534,41,4297;10;4
215,75,458,378,286,278,331,174,123,408;0;0;-;-;-
178,248,138,131,203,317,473,216,253,102;1;4373,6795,6464,6645,2521,756,30,2323,1700,150;10;4
245,290,171,122,345,44,32,124,63,274;1;1802,4910,5731,2765,3759,1913,917,635,1482;9;4
422,72,144,435,69,470,174,203,99,4;0;0;-;-;-
263,466,209,68,464,69,184,26,103,37;0;0;-;-;-
234,114,21,290,116,374,106,399,156,474;0;0;-;-;-
80,381,152,151,219,390,197,362,109,139;0;0;-;-;-
282,388,434,138,157,299,33,75,469,191;1;2813,7252,7505,916,5445,1618,1700,5684,2062;9;4
437,178,381,183,6,434,151,5,60,148;0;0;-;-;-
381,38,306,320,105,111,299,21,227,275;0;0;-;-;-
257,65,341,67,396,57,345,451,70,77;0;0;-;-;-
145,62,187,114,1,361,380,274,414,430;0;0;-;-;-
468,176,472,396,409,201,120,164,457,160;0;0;-;-;-
172,457,417,282,392,49,30,279,351,366;0;0;-;-;-
338,470,234,91,181,267,17,388,362,351;0;0;-;-;-
84,45,305,294,60,12,44,394,458,436;0;0;-;-;-
254,92,413,279,202,236,163,239,102,273;0;0;-;-;-
73,276,32,190,136,107,320,384,125,27;0;0;-;-;-
58,438,3,127,220,204,70,237,141,325;0;0;-;-;-
386,297,440,431,78,194,70,242,295,341;0;0;-;-;-
471,219,453,380,374,286,224,30,211,346;1;7181,218,7866,3537,3587,857,1154,2137,873,132;10;4
430,97,417,151,31,88,191,35,113,82;0;0;-;-;-
22,250,186,243,179,375,316,409,98,62;0;0;-;-;-
411,370,290,175,136,47,334,456,359,169;0;0;-;-;-
360,382,356,445,377,309,216,284,471,84;0;0;-;-;-
372,140,420,283,326,199,314,49,250,270;0;0;-;-;-
237,157,215,58,146,155,421,92,140,253;0;0;-;-;-
82,129,252,113,60,412,88,150,413,437;0;0;-;-;-
184,412,367,383,404,296,206,266,205,80;0;0;-;-;-
411,69,440,198,441,431,265,285,129,169;0;0;-;-;-
5,315,28,209,207,87,13,429,92,378;0;0;-;-;-
434,266,270,35,229,305,468,184,212,105;0;0;-;-;-
375,468,161,433,31,36,202,120,227,237;0;0;-;-;-
105,332,412,252,407,286,440,257,416,163;0;0;-;-;-
259,315,376,83,448,292,453,262,346,364;0;0;-;-;-
230,35,471,421,84,365,153,239,386,366;1;1576,7181,2596,2529,633,3775,950,802,842,377;10;4
6,343,26,473,48,352,28,261,380,262;0;0;-;-;-
133,202,182,30,92,283,271,236,386,329;0;0;-;-;-
122,434,399,152,63,444,160,45,295,51;0;0;-;-;-
411,355,100,136,311,144,96,308,197,323;0;0;-;-;-
275,371,208,426,141,250,3,277,467,264;1;1589,1798,2592,7759,2257,1584,4962,2256,1031,1039;10;4
70,155,390,218,388,72,473,354,99,211;0;0;-;-;-
342,260,264,2,458,400,53,440,119,55;0;0;-;-;-
461,416,292,232,267,282,325,165,446,359;0;0;-;-;-
396,63,286,345,445,358,90,342,265,379;0;0;-;-;-
146,309,45,440,157,263,96,115,147,21;0;0;-;-;-
324,457,413,393,373,166,444,452,58,349;0;0;-;-;-
52,114,359,98,310,428,325,245,413,105;0;0;-;-;-
