373,247,166;1;7294,2060,6581;3;3
210,214,20;1;5062,1352,3746;3;3
174,123,408;1;3876,6834,725;3;4
216,253,102;1;6645,30,4792;3;2
124,63,274;1;2765,3759,1913;3;4
203,99,4;1;536,6533,695;3;4
26,103,37;0;0;-;-;-
399,156,474;1;1441,4433,553;3;3
362,109,139;2;233,7276;2;4
75,469,191;1;7505,916;2;4
5,60,148;0;0;-;-;-
21,227,275;1;8047,1589,4379;3;3
451,70,77;0;0;-;-;-
274,414,430;1;1707,1913,824;3;4
164,457,160;0;0;-;-;-
279,351,366;3;950,1565,319;3;3
388,362,351;1;2813,1565,4132;3;3
394,458,436;1;3918,3243,1962;3;3
239,102,273;2;3103,3775,7733;3;2
384,125,27;1;416,730;2;3
237,141,325;0;0;-;-;-
242,295,341;1;5164,5909,1834;3;4
30,211,346;2;3587,2137,132;3;3
35,113,82;1;559,163,802;3;2
409,98,62;0;0;-;-;-
456,359,169;0;0;-;-;-
284,471,84;1;1595,7181,2529;3;4
49,250,270;1;1623,2148,4962;3;3
92,140,253;1;6645,5587,23;3;4
150,413,437;1;1599,4242,1487;3;4
266,205,80;1;8147,4213,285;3;4
285,129,169;1;948,4810,8262;3;4
429,92,378;1;1362,7050,4441;3;3
184,212,105;0;0;-;-;-
120,227,237;0;0;-;-;-
257,416,163;1;2204,8021,4008;3;4
262,346,364;0;0;-;-;-
239,386,366;1;2596,3775,5834;3;3
261,380,262;1;3600,1612,873;3;2
236,386,329;0;0;-;-;-
45,295,51;0;0;-;-;-
308,197,323;0;0;-;-;-
277,467,264;2;2969,1808,3291;3;2
354,99,211;3;3832,6651,1482;3;3
440,119,55;0;0;-;-;-
165,446,359;0;0;-;-;-
342,265,379;1;554,1552,321;3;3
115,147,21;0;0;-;-;-
452,58,349;1;5645,4508,6346;3;4
245,413,105;1;3713,2423;2;3
