macbookmini	1751,3352
animal	948,6850
child	1034,1099,5291
uk	1034,1099,3725,30485,7485,1346,2785,7681,6418,5144,2972,11752,5291,1751,6757,9056,21637,37198,4486,3264,3352,37398,4759,3438,9623
displays	6192,5077,40154,2977,1688,5291,23992,37198,4486,3264,9623,2244
commoncold	4555,12314
adobe	3704,16139,1563,5101,4486,12314
hacking	1099,2972,6757,9056
vulnerability	53,7868,23992,9623
canada	1099,17205,7681,2879,40154,5144,2972,948,39683,21637,4563,4555,3264,3352,37398
china	1034,1099,17205,1135,73467,1262,25929,2705,2785,695,2879,1563,12956,40154,6418,5144,2919,2977,2972,5291,1751,948,6757,9056,33382,4391,4486,4611,3352,37398,3479
api	17205,37398,9623
book	3807,40154,6757,39683,4486,3264,37398
wikileaks	1099,9623
police	1099,5144
banks	973,9623
designs	40154,3479
physics	1343,40154,2972
youtube	1099,1092,17205,16139,6418,5144,5291,1751,16644,21637,4563,9623,2244,125
order	1099,23992,37398
iceland	1099,2879,40154,6757,3479
samsung	1099,17205,73495,16139,7485,6192,6205,11568,695,5077,1563,40154,5101,2972,856,893,5291,1751,1856,6757,5428,23992,6850,5579,39683,4486,4537,4555,62254,3264,37398
glasses	1343,893
clubpenguin	1034,1099
fidonet	9826,2467,563,7868,10529,4555,3264
pharmabro	5144,4486,37296
ios	1034,1099,1135,17567,695,5069,5077,40154,5175,2972,7868,5291,1751,7970,6757,46823,4486,4563,9443,3321,3352,3479,9623,2267
aids	1563,9056,5579,12326
esc	1099,1343
sports	1323,40154,4486,39849
tos	2972,3352
blackberry	13985,2977
oracle	1099,17545,695,5144,7868,4086,33382,34890,4486,3264,3352,13307,37398,9623
sony	17205,1135,11483,2972,5291,6757
iphone	1034,1099,17205,1135,73467,13985,1370,2705,11568,695,5069,5077,2879,1563,2972,5291,1751,7970,6757,5428,9056,21637,4486,3321,3352,13307,44644,9623,2267
tmobile	4486,38627
insecurity	1099,4486
rockets	9056,39683
bestbuy	1099,23992
florida	1099,40154
internetarchive	21637,3264
journalism	40154,5291,4370,9623
harddrive	7485,695,40154,5144
brain	1099,17205,723,5144,9623
startrek	8526,1135,6192,1343,6757,4563
flyingbus	40154,1856
ransomware	1099,23992,4486,3352
music	1099,1092,1135,16139,7445,6192,6205,5077,2879,1563,5144,2972,5291,1751,948,949,7970,16644,6757,1931,5579,4370,21637,4537,4563,3264,37398,9623
republicans	1099,8526,17205,1135,73467,16139,25929,7485,1319,28297,7681,10306,40154,5144,2972,1653,893,5291,60671,1856,6757,5428,9056,4486,33768,4563,4555,39849,38627,37398,12068,9623,4845,2244
circlejerk	1099,695,2972
mars	1099,17205,384,16139,73519,6205,7681,723,6418,4486
chrome	1099,17205,3704,16139,13985,544,695,5077,1563,40154,723,6418,5144,2972,1653,893,7868,5291,1751,60671,3264,9623,2244
libraries	40154,4563
imac	28044,1135,3352
iot	1099,28049,7445,1323,1563,5144,2913,2972,6757,4563,3264
children	1099,893,5291,9056
lufthansa	5291,34890
rocket	19885,17205,25929,40154,5291,39683,20653,9623
biotech	1099,16139,7485,27014,40154,2972,893,27352,34890,4486,4537,4563,4555,44644,12314
brokenarrow	7681,40154,39683
food	1099,1319,10306,5144,6757,9623
drugs	1034,1099,4486,9623
telemetry	1135,2972
egx	6757,9623
fox	6112,5144
firefly	5291,4486,30195
jobs	5077,1570,1563,9056,4391,13307,44644
stats	19885,17205,1323,695,7681,5077,40154,5144,2972,5291,3264,9443,3352
france	1570,1563,2972,948
aol	25929,12956,9056
oem	695,4486,4714
goforitman	16139,40154
theomegaman	1099,34890
domain	25929,7681,37398
qualcomm	1099,4486
borebabybore	16139,40154
vpn	17205,695,37398
karlsruhe	2467,7681,7868
carbon	25929,7485,893,44644
simulation	2467,7485
laptop	8526,24781,5077,2879,5101,949,4370,4714,9623
video	7868,6757
cortana	6192,4486
airpod	5077,3438
trademark	1099,40154,6757,3479
tvshow	1034,25929,1370
safety	1034,1099,73495,13930,1563,40154,5101,9623
biology	1099,17205,7485,1323,12862,2972,4563,62254
unix	1653,5336
lyft	1099,40154,6434,2972,5291,34890,37398,9623
ott	1099,7970
power	1034,1099,28044,16139,25929,7445,7485,6205,695,7681,2879,1563,12956,40154,6418,5144,2919,2977,2972,893,5291,1751,948,6757,23992,9056,6850,46823,39683,20301,37198,4486,4550,62254,3264,3270,4599,39849,44644,9623,2244,2267
camera	11483,5144,5291,4486,2015
andnothingofvaluewaslost	1563,26339
emulation	1563,2972,4486
nintendo	5077,7868,6757
bifocals	1343,893
linuxfoundation	9056,4486
elonmusk	19885,28044,16139,7485,40154,5144,1688,5291,4486,4495,20653,12314
usa	19885,1034,1064,11115,1099,8526,11017,17205,3706,1130,28044,2467,1135,1148,18681,28082,73467,6096,2510,16139,25929,6112,7445,7485,73509,1319,1323,28297,1343,1383,6205,2705,17545,17509,2785,695,7681,5069,5077,2879,1563,12956,10306,40154,6418,5101,6434,5144,2913,2972,1653,11752,893,7868,5291,1751,60671,948,949,23872,30937,1856,27352,6757,23992,9056,6850,5579,46823,62046,34890,39683,21637,4486,33768,4550,4563,4555,3264,39849,3352,40933,37398,12068,44644,4779,9623,4845,2244,12326
censorship	1099,25929,5144,7868,30937,16644,6757,9056,4563,37398,3479,9623
apps	1099,5077,2972,1751,3352,3479
rosettaproject	2879,4486
games	1099,1135,384,56,6192,1343,6205,5077,1563,5144,2972,1688,7868,5291,1751,30937,6757,4486,62254,5960,38627,37398,9623,2244,183
software	1034,11115,1099,8526,17205,3704,3725,1130,2467,1135,28082,384,73467,56,6096,16139,13985,25929,7445,6192,73509,1319,1323,1343,1383,563,6205,17567,2705,2785,695,5069,5075,5077,11483,2879,1563,10306,40154,723,6418,5144,2972,1653,1688,856,893,7868,5291,1751,949,6621,5336,30937,1856,6757,23992,1923,9056,6850,5579,33382,46823,62046,34890,39683,21637,4486,5831,4537,4563,62254,3264,39849,9443,5960,4640,3321,3352,4691,13307,37398,44644,3438,9623,2267,12314
statistics	2510,5101,60671,9623
galaxys7	4486,37398
cellphones	1099,17205,1130,1135,384,16139,13985,7485,6192,73509,1319,1343,6205,2705,695,5077,2879,1563,40154,723,5144,2972,5291,1751,7970,1856,27352,6757,5579,4537,3264,4611,3352,37398,9623,2267
build	1099,3725,5144,5291,1751,33382,4555,4640,9623
microsoft	1034,1099,17205,1135,1148,384,73467,2510,16190,30485,16139,13985,7445,6192,1343,544,563,6205,17545,2785,658,695,7681,5077,11483,2879,1563,40154,723,5144,2972,1653,856,893,7868,5291,40227,1751,6621,4086,1856,6757,4128,9056,4486,4563,4555,39849,4611,3352,37398,4714,18322,9623,2244,2267,12314,13644
android	1034,1099,17205,1130,16139,25929,6192,695,5077,40154,723,5144,2972,7868,5291,23992,6850,69620,4486,4555,3264,39849,4640,3352,4691,37398,3479,9623,2267,12314
skype	1751,16644,4555,3352
sanfrancisco	1034,39683
comcast	1099,5144,6757,9056
battery	1034,1099,16139,6112,6205,1563,40154,6418,5101,5144,2972,893,1751,948,6757,37198,4486,62254,3264,4599,39849,9623,2244
macos	1099,17205,1343
fps	5144,1688,9623,183
e	17205,2467,30485,16139,25929,7485,1323,695,1570,1563,40154,5144,893,5291,1751,948,7970,30937,6757,20301,4486,3352,37398,9623
code	1034,1262,6418
isthatyournuke	7681,40154,39683
doom	9623,183
enterprise	9056,4486
banking	973,37398
chromium	1563,34825
portables	73509,563,2972,12138
pennsylvania	1099,37398
space	19885,1099,17205,28044,1135,16139,25929,7485,6192,73519,1343,6205,17545,695,7681,40154,723,6418,5144,2972,5291,23872,6757,4128,23992,9056,33382,46823,39683,21637,4486,33768,4537,9443,20653,18322,9623
linkedin	37398,9623
galaxys8	1099,695,23992
drones	1099,2972,5291,29922,4486
car	1034,7485,2879,1751,37398,9623
piratebay	1653,2244
sourcecode	17205,695
yammer	4486,4555,3352
python	1099,1130,3888,73519,1323,893,1751,3037,4486,4555,9443,18322,9623
phone	695,4486,39849
africa	6757,9056
tpp	948,1856
windows10	1099,1148,2510,13985,7445,563,695,40154,5144,2972,5291,37398,18322,9623
scifi	1099,17205,2467,1135,384,3888,16139,6192,1343,40154,948,6757,4486,13307,2244,30195
bullying	1034,1099
thx1138	73519,2705
planet	1099,16139,2972,6850,4537
beer	6757,37198
ipaddress	1099,4486,37398
sport	1323,40154,4486,39849
pi	33382,4555
layoff	2879,1751,6757
linuxkernel	1099,16139,695
fitness	1099,5291
mexico	1563,893,39683,26339,4555
startup	5144,2015
apple	1034,1099,8526,17205,28044,1135,384,73467,16139,13985,6192,73509,1343,1370,1383,6205,2705,2785,627,11568,695,5069,5077,11483,2879,1563,5101,5144,2972,1653,893,7868,5291,1751,60671,949,6621,7970,27352,6757,5428,23992,1931,9056,46823,21637,4486,4563,62254,3264,9443,37296,3321,3352,13307,44644,9623,2267
research	5077,5291,9056,44644,9623
venus	1343,4128
fsf	1099,34890,9623
design	1135,13985,695,5077,40154,5144,5428,39683,3264,3479,9623
trumpism	1034,9623
galaxy	4486,4555
patch	1099,16139,1323,695,23992
weather	25929,509,695,948,21637
raspberrypi	1383,37296
kernel	1099,1148,1343,40154,7868
nature	1064,948,9056
president	1319,2972
flash	1099,16139,627,9623
encryption	1099,17205,1135,73467,6096,660,695,11483,5144,2972,1751,60671,4486,3352,9623
bitcoin	1099,17509,949,6757,4486
idle	1099,8651,893,3352,9623
seagate	7485,695,40154,5144,4714
oled	40154,2977,893,5291
azure	563,17545,695,7868,4086,4486
rain	1034,40154
reddit	28297,3397,37398,9623
commandprompt	16190,856,4555
interviews	10306,40154,5144,4486,37296
movies	1099,17205,1130,28044,28049,1135,73467,2525,3888,16139,1319,40154,723,5144,2972,893,7868,5291,1751,949,6757,9056,34825,39683,4486,39849,3352,13307,37398,3438,9623,2244
obama	1034,1064,16139,25929,12956,6418,5144,948,1856,3352
newglenn	28044,7485
gtk	563,33382
php	1323,9443
yakketyyak	7445,37398
chemistry	1343,12862,40154,5144,6757,9623
distro	1099,28044
culture	1099,1346,531,695,5077,1570,1563,5144,893,5291,1856,6757,6850,4486,4555,13307,37398
maps	1130,40154,6757,9623
diesel	7485,9623
regulation	1323,660,4486
data	19885,1099,1130,28049,2467,1343,2785,7681,1563,40154,11666,5144,1751,60671,6757,5428,9056,39683,26407,33768,4563,3352,9623,12314
xbox	1135,1688,5291,1751,9623,183
hydrogen	25929,1343,40154,2977,4486
go	1099,1130
dell	16139,13985,24781,1563,5144,1751,4370,26339,70577,4555,37398,9623
nss	40154,37398
stallman	563,33382
vision	1343,893
cars	1034,13985,7485,5291,9623
everyoneiamonfire	1099,62254,3264
office	40154,4486
fonts	28049,37398
quantum	2972,6850,4486,4714
alzheimers	1099,39683
job	5077,1570,5144,30937,13307,37398,9623
database	1099,11017,6096,16139,6192,6205,11666,5144,7868,1856,9056,33382,4486,4563,37398,12068,9623
radio	1099,9841,1148,28082,25929,893,1751,9443,2267
blimey	17205,7485,1351,2972,4759,9623
aloevera	1099,1563
shows	5291,3352
foxnews	6112,5144
trump	6192,695,1751,948,3037
gadgets	12956,5144,9623
xps	24781,4370,9623
gamers	1099,384,5077,9623
mobile	30258,1099,17205,1130,1135,73467,16139,13985,7485,6192,1319,1343,6205,2705,2785,660,695,7681,5077,2879,1563,40154,723,5144,2977,2972,5291,1751,7970,1856,6757,9056,5579,5758,4537,3264,4611,3352,37398,44644,9623,2267,12314
firefox	17205,53,6192,544,695,5077,40154,723,5144,2972,1653,893,7868,60671,4486,3264,9623,2244
version	1099,73519,6205,4555,18322
ca	17205,2467,7449,17509,60671
darkweb	33382,38627
government	1034,11115,1099,8526,11017,17205,3706,1130,28044,2467,1135,73467,2510,1262,16139,25929,6112,7445,7485,73509,1319,73519,1323,28297,1343,1383,509,6205,2705,17545,17509,2785,695,7681,5077,2879,1563,12956,10306,40154,5101,11666,5144,2972,11752,856,893,7868,5291,1751,60671,948,949,30937,1856,27352,6757,23992,1923,9056,6850,33382,62046,34890,4391,39683,26339,20301,21637,4486,33768,4550,4563,4555,3264,3270,15913,3352,38627,40933,37398,12068,44644,4779,3479,9623,4845,2244,2267
dns	25929,3397,9623
bank	4486,37398,9623
fda	1099,4486,9623
web	1099,28049,1135,73467,5144,2972,7868,7970,4145,9056,4486,9443,3352,37398,9623
xmas	2972,10756,9623
hiv	9056,12326
graphics	1135,7485,2705,5077,2977,1751,23992,4486,62254,3264
nod	1099,40154,9623
opera	695,5077,893,7868,3264
life	1034,1064,1099,17205,6192,5077,1570,1563,12956,893,948,1856,9056,34825,4486,4555,13307,9623
smartphone	1034,1099,13985,660,2977,1653,1751,4486
japan	1099,384,3807,7445,1343,2785,5077,40154,5144,856,6757,39849,44644,9623
sweden	9056,37398
it	1068,1099,17205,3704,2467,1135,8651,73467,73495,6096,2510,16139,25929,7485,73509,73519,1323,1370,1383,6205,11363,2705,658,695,7681,5077,11483,2812,2879,1570,1563,12956,12953,10306,40154,5101,6434,5144,5175,2972,856,893,7868,5291,1751,60671,938,948,973,1856,6757,4128,23992,9056,10756,33382,62046,4391,39683,26339,21637,4486,4563,4555,3264,3352,38627,13307,37398,9623,2244,2267
walmart	1099,1563
gchq	17205,7485,1351,9623
developer	1099,695,60671,37398
googlesearch	1099,9623
media	1099,17205,2467,73467,2525,1383,658,2879,5144,2972,893,5291,1751,948,6757,9056,4370,4486,9623,2244
iss	73519,723
torrents	25929,4391,32486
bug	1034,1099,1148,6096,1323,5144,2972,856,7868,1751,39683,4563,9623,13644
att	1099,73467,1323,1343,695,1563,5144,2972,893,5291,6757,9056,4611,3352,37398,2267
climatechange	8526,25929,1319,509,695,5077,948,9056,21637,4486,9623
developers	1034,1099,8526,17205,1130,2467,6096,3888,1262,16139,73509,73519,1323,17545,658,695,5075,5077,2812,12953,40154,6418,5144,2972,1653,1658,893,7868,5291,1751,60671,4086,27352,33382,3037,26339,21637,4486,33762,4563,4555,3264,9443,5960,3352,13307,37398,18322,9623,151
fitbit	1383,6757,5579,39683,4486
books	2467,36468,384,3888,40154,5144,893,27352,6757,3037,39683,4486,33762,3264,13307,37398,151
valve	1099,9623
facebook	1034,8526,17205,73467,16190,16139,25929,6112,17567,7681,1563,12956,40154,5144,2972,1653,893,5291,1751,30937,16644,6757,4128,9056,4370,39683,4486,4563,3264,37398,3479,9623,183
politics	19885,1034,11115,1099,8526,17205,28044,1135,18681,73467,16139,25929,6112,7485,6192,73509,1319,28297,1383,509,6205,2705,695,7681,5077,1563,10306,40154,5144,2972,1653,11752,856,893,5291,1751,60671,948,1856,27352,6757,5428,4128,1923,9056,62046,3037,39683,26339,20301,21637,4486,33768,4563,4555,3264,15913,39849,9443,3352,38627,37398,12068,4779,9623,4845,2244,183
programmers	1034,1099,1262,6418,60671
mac	1034,1099,28044,1135,384,73467,16139,13985,1351,1343,1370,1383,2705,627,695,5077,1563,5101,5175,1653,893,5291,1751,1931,4486,62254,3264,3352
walle	40154,6418,39683
aws	1099,5144,5291,4486,9623
kde	1653,5336
legend	16139,1658
bus	40154,1856
movie	1099,4486
keurig	1068,1383,1563,5144
macbookair	28044,3352
crapware	2467,7681,7868
cms	1135,4486,3352
sodoesslashdot	1653,3352
upgrades	1148,1343,1383,2972
fossil	25929,5144,948
kodachrome	1099,34825,39849
valuablemarketinginsights	37398,9623
cdn	1099,4145
gaming	1099,1135,7868,5291,6757,9623
cisco	1099,5144,39683
disease	1099,2972,9056,4563
social	1034,1099,1092,8526,17205,18681,73467,16190,16139,25929,6112,17567,2785,658,5077,1563,10306,40154,5101,5144,2972,1653,893,5291,1751,30937,16644,29922,1856,6757,4128,9056,4370,4486,4563,3264,3352,37398,4714,9623,125,183
selfdriving	2705,40154,893,5291,37398
animals	1099,5144,2972,948,33382,39683
epa	1099,7485
copyright	1099,2525,2879,40154,5291,6757,44644,3479
miningbot	28576,44644
app	1034,1099,25929,6418,5144,2972,1751,4391,4486,3352,37398,3479
britain	1323,1751,9623
h1b	1099,73509,1856,9623
trade	948,1856
ddos	1099,17205,8651,6096,7485,2879,7868,3397,37398,9623,2244
gamer	384,5077,7868
game	384,2879,7868,6757,4486
echo	28049,16139,7445,1563
seattle	1099,1563
ssd	40154,856,40227
commerce	1034,1099,16139,1323,531,1563,2972,1653,5291,1751,4486,4495,4555,39849,9623
ruby	1751,9623
opensource	1099,8526,17205,28044,1148,15,6096,73509,1323,1343,1383,563,6205,2785,695,5077,1563,10306,40154,723,11666,1653,5336,1856,27352,1931,33382,34825,34890,39683,69620,20301,21637,4486,4563,4555,4640,3352,2015,13307,9623,12314
ethanol	25929,7681,5291
donaldtrump	11115,8526,6192,1319,4486
employement	5291,37398,9623
computer	1034,7445,40154,5101,2972,1653,893,1751,1856,23992,37296,37398
storage	1099,8526,1130,6096,13985,7485,627,695,2879,40154,5144,856,893,5291,6757,23992,9056,4486,4599,37398,4714,9623
spotify	5144,16644,6757
kindle	3807,16139,4486,37398
diy	1099,62046
lithium	1099,62254,3264,2244
analog	7868,28576
ai	19885,1099,8526,2467,1262,16139,73519,1323,6205,11363,17567,2705,2785,695,5077,1563,40154,5144,2972,5291,28576,30937,27352,6757,4391,21637,37198,4486,5831,4537,4563,4555,3264,4611,38627,44644,9623,2267,12314
timcook	5077,893
codec	893,9443,2267
racediscrimination	6434,37398
moon	1343,723
chinese	17205,2467,7449,17509,60671
laptops	5144,26339,70577,4555,4714
windows	1034,1099,17205,1135,1148,73467,2510,16190,16139,13985,7445,6192,1343,1383,24781,563,695,7681,11483,2879,1563,40154,723,5101,5144,2972,856,893,7868,5291,1751,6621,6757,4128,23992,1931,4370,3037,4486,4563,4555,39849,37296,4611,3352,37398,4714,18322,3479,9623
spacex	28044,16139,7485,40154,6418,9056,39683,4486,20653
economy	1099,1346,893,9056,9623
mercedes	13930,40154
oculus	40154,893
cp	1099,17205,7445,6192,695,40154,5144,2972,893,1751,1856,4486,9623
jack	1751,23992
ftc	1099,3352,9623
russia	19885,1034,1064,11115,1099,17205,18681,73467,25929,509,6205,2879,1563,5144,1653,893,5291,1856,6757,9056,62046,4486,3264,39849,3352,4779,9623,183
smartphones	1099,5291
bashordie	16190,856,4555
gnome	2467,7681,1563,7868,1931,34825
c	1099,1323,9443
bully	1034,1099
netneutrality	12956,7970
shopping	1034,2972,1653,23992,9623
ar	1034,1751
karma	6418,4486
display	12956,5144,23992,4555,9623
democrats	19885,11115,1099,8526,1135,16139,25929,1319,28297,509,7681,12956,10306,5144,2972,1653,60671,1856,5428,1923,9056,15913,39849,37398,12068,4779,9623,4845,2244
tv	1099,9841,1130,28049,2467,1135,15,384,73467,16139,25929,7485,6192,1319,1323,1343,695,40154,723,5144,2977,893,7868,5291,1751,948,949,7970,6757,9056,46823,39683,21637,4486,4563,39849,3352,37398,3438,9623,30195
costarica	1099,28044,5144,39683
nurv	9056,4486
nvidia	1135,2972,34890
internet	1064,1099,1092,9826,9841,17205,28044,2467,1135,1148,28082,73467,16139,25929,6192,1319,1323,28297,1343,1383,509,544,563,17567,2705,17545,17509,2785,658,660,695,7681,5077,2879,1563,10306,40154,723,6418,11666,5144,2972,11752,893,7868,5291,28576,1751,60671,10529,948,949,7970,16644,29922,1856,27352,6757,5428,4145,23992,1923,9056,46823,62046,34890,39683,21637,5758,4486,26407,4563,4555,3264,32486,39849,9443,3352,3397,38627,37398,12068,4714,44644,3479,9623,4845,2244,2267,125
windows7	2510,695,40154
money	1034,1064,1099,3706,1130,28049,2467,1135,73467,16139,13985,25929,73509,1346,1383,531,17509,2785,695,7681,6352,5077,11483,2879,1563,40154,6418,5144,2972,893,7868,5291,1751,60671,948,949,23872,30937,1856,27352,6757,23992,9056,6850,62046,34890,4391,39683,26339,21637,5758,4486,26407,4563,4555,62254,39849,9443,4611,3352,38627,40933,13307,37398,44644,9623,4845
pcgames	1688,9623,183
humans	6757,9056
computersimulation	2467,7485
legal	1099,25929,2972,893,7970,62046,4486
asteroid	1099,1343,2972
technology	19885,1034,1064,11115,1099,24404,1092,9826,8526,17205,3704,3706,3725,1130,28049,2467,1135,1148,18681,28082,15,384,73467,53,56,6096,2510,16190,13930,1262,16139,13985,25929,6112,7445,7449,7485,6192,73509,1319,73519,1323,28297,1343,1370,1383,509,563,6205,11363,17567,2705,17545,17509,2785,15061,627,658,660,695,7681,6352,5069,5077,11483,27014,2879,1563,12956,10306,40154,723,6418,5101,6434,5144,5175,2977,2972,1653,1688,11752,856,893,7868,5291,28576,1751,60671,10529,948,6621,7970,5336,23872,30937,16644,29922,29917,1856,27352,6757,4128,23992,1923,9056,10756,6850,5579,33382,46823,34825,4370,34890,4391,39683,26339,21637,37198,5758,4486,26407,5831,4537,4550,4563,4555,62254,3264,3270,4599,32486,39849,9443,4611,5960,4640,3321,3352,4691,3397,38627,13307,37398,12068,4714,44644,3438,18322,3479,9623,2244,2267,12314,12326
abuse	1099,7485,37398,9623
nuts	1099,23992
email	25929,2705,10306,5144,1751,23992,9056,3037,21637,9623
slack	1751,4555,3352,37398
activision	5144,9623
death	1099,5069,5291,9056,4486,3352
nim	3888,893
factcheck	1064,6418
gp	1135,6192,2972,893,34890,4486
amd	7445,6192,893,1751,6621
kodak	1099,34825,39849
lg	1099,5101,23992,3352
corruption	1099,9623
finance	1099,973,9056,21637,4486,4555,37398
chips	6434,39849
ussa	1099,9623
startcom	17205,2467,7449,17509,60671
robot	1034,1099,28044,18681,73519,6205,11363,2705,5077,40154,893,28576,948,21637,4486,37398,44644,9623
headphone	1751,3438
arctic	948,9443
hack	1099,12956,2972,6757,1958,9056,38627,9623
linux	1099,28044,2467,1148,15,16139,13985,7445,73509,1351,1343,1370,1383,563,6205,660,695,7681,1563,40154,5101,5144,5175,2972,1653,893,7868,5291,40227,5315,5336,1856,23992,1931,9056,34825,26339,20301,4486,70577,4563,4555,37296,13307,37398,9623,12138
squirrel	1099,23992
communications	1064,1099,1092,9826,9841,8526,11017,17205,1130,28044,28049,2467,1135,1148,28082,384,73467,16139,25929,6112,73509,1319,1323,28297,1343,1383,563,6205,2705,17545,17509,2785,660,695,7681,5077,2879,1570,1563,10306,40154,723,6418,5144,2972,11752,893,7868,5291,28576,1751,60671,10529,948,949,7970,16644,1856,6757,5428,23992,1923,9056,5579,46823,62046,34890,39683,21637,5758,4486,26407,4563,4555,3264,32486,15913,39849,9443,3352,4691,38627,40933,37398,12068,3479,9623,4845,2244,2267,125
jobcuts	16139,37398
house	1563,125
smartwatch	40154,37398
location	1034,1099,1751,4486,37398
telecom	1099,73467
entertainment	1034,1099,17205,1130,28044,28049,2467,1135,384,73467,56,3807,3888,16139,25929,7485,1319,1323,1343,1370,6205,658,695,2879,40154,723,5144,2972,893,7868,5291,1751,948,949,30937,16644,6757,4145,23992,9056,46823,34825,4370,4391,39683,21637,4486,4563,62254,39849,5960,3352,13307,37398,3438,9623,2244,30195
emc	16139,37398
release	1099,73519,6205,4555,18322
fbi	1099,28044,73467,1319,28297,1383,2705,10306,2972,60671,23992,9056,4486,37398,9623
lawsuit	11115,1099,17205,28044,658,7681,5144,2972,5291,60671,7970,30937,1856,9056,34890,4563,62254,3264,32486,13307,37398,9623,2244
alexa	28049,7445,1563,9623,2267
history	9826,2467,56,563,7681,2879,40154,5144,893,7868,10529,27352,39683,4486,33762,4555,3264,151
martinshkreli	5144,4486,37296
hadoop	6192,7868
acquisition	1383,5579,4486
locations	1034,1751,37398
socialmedia	1653,3352
monotype	1563,12314
california	1034,1099,893,1751,1856,6757,9056,39683,4486,4555,9623
suse	28044,7445,5291
stock	1034,8526
crime	1099,1262,13985,7485,6192,6205,2785,40154,11666,5144,2972,893,7868,1856,6757,23992,1958,9056,21637,4486,4563,4555,32486,3352,37398,44644,9623
fibre	5144,5291
poker	30937,38627
heinlein	3888,40154,6757
twitter	1034,1099,8526,2467,18681,73467,16139,5077,5144,2972,1653,16644,6757,9056,4486,4563,3352,3397,12068,4714,9623
ethernet	1099,5291,1751,6757
os	1034,1099,1130,28044,2467,1135,1148,15,73467,16139,13985,7445,1343,1383,563,6205,2705,660,695,7681,11483,2879,1563,40154,723,5144,2972,1653,856,893,7868,5291,40227,1751,6621,5315,5336,1856,23992,1931,34825,69620,20301,4486,4563,3264,39849,4611,4640,3321,3352,13307,37398,18322,9623,2267
slashdotasks	7445,40154,39683
science	19885,1034,1064,11115,1099,9841,8526,17205,1130,28044,28049,2467,1135,384,56,16139,25929,7445,7485,6192,73509,73519,1323,1343,509,6205,17545,2785,15061,658,695,12862,7681,5077,27014,2879,1570,1563,12956,10306,40154,723,6418,6434,5144,2977,2972,856,893,5291,1751,948,6621,23872,29917,1856,27352,6757,4128,23992,9056,10756,6850,33382,46823,62046,34890,4391,39683,21637,4486,33768,4537,4550,4563,4555,3264,3270,4599,9443,4611,3352,13307,37398,4714,44644,4759,20653,18322,9623,2244,12314,12326
clinton	1099,8526,1135,18681,25929,28297,509,1563,5144,893,9056,62046,15913,3352,37398,12068,9623
drone	5144,5291,29922,4486,2015,37398
review	1034,1099,5077,4486,3352
hdtv	7485,1751
programming	1099,8526,17205,1130,2467,36468,3888,73509,73519,1323,6205,658,695,5075,5077,40154,2972,1653,1658,893,7868,5291,1751,60671,27352,3037,39683,26339,4486,33762,4563,4555,3264,9443,3352,18322,9623,151
germany	2467,25929,2879,948,4486,9623
typography	28049,1135,4486,3352,37398
cabletv	1099,5144
chat	17205,4555,3352,37398
datausage	1099,9623
macbook	1034,1099,8526,28044,1135,384,13985,1351,1343,1370,6205,2705,627,5077,2879,5101,5144,5175,893,1751,949,9056,4486,62254,3264,3352,2267
hugesuccess	40154,6418,39683
browser	5077,5144,2972,893,5291,1751,4486,4563,3264,9623
verizon	1099,695,1563,5144,2972,28576,6757,9056,4486,3264,37398,4714,9623,2267
autocars	29917,3264
surveillance	1099,17205,7485,1351,5144,23992,4486,37398,9623
spam	18681,12956,3352
pollution	18681,37398
humor	1099,40154,5175,2972,9623
hacker	1099,12956,893,6757,38627,37398,9623
typo	1099,2785,6757,37198
gadget	12956,5144,9623
porn	1099,28044,1319,2785
hardhack	1099,695,6757
greed	1751,2267
america	2785,6434,9056,4555
note7	1099,40154
dvr	1323,40154,4486,39849
network	1064,1099,1092,9841,17205,1130,28044,2467,1148,73467,16139,25929,6112,1319,1323,28297,509,6205,2705,17545,17509,2785,660,695,7681,5077,2879,1563,10306,723,6418,5144,2972,11752,893,5291,28576,1751,60671,949,7970,16644,1856,6757,5428,23992,9056,5579,46823,62046,34890,39683,21637,5758,4486,26407,4563,3264,32486,3352,3397,38627,37398,9623,4845,2267,12314
pebble	1383,5579,4486
applepay	5144,1751
fcc	1099,1148,73467,16139,1323,6205,17545,695,1563,5144,893,7970,6757,9056,5579,39683,4486,38627,37398,2267
qbit	6850,4714
democracy	5144,9623
military	1099,3706,1130,28044,73519,7681,40154,1751,1856,39683,9623
wearable	1034,6192,1383,40154,893,6757,5579,39683,4486,12314
digital	1099,1751,4486,3438
themedia	1135,18681,30937,6757,9623,13644,183
news	19885,1034,1064,11115,1099,8526,17205,3706,3725,1130,28049,2467,1135,36468,384,73467,6096,2510,3888,30485,16139,13985,25929,6112,7485,6192,73509,1319,1323,28297,1346,509,531,544,563,6205,2705,2785,695,7681,6352,5069,2879,1563,40154,723,6418,5101,6434,5144,2913,2972,1653,11752,893,7868,5291,1751,60671,948,7970,23872,30937,16644,1856,27352,6757,5428,4128,1923,9056,6850,33382,46823,34825,4370,3037,34890,39683,26339,69620,21637,37198,5758,4486,4537,4563,4555,3264,3270,39849,5960,3321,3352,13307,37398,44644,4759,3438,4779,18322,9623,2267,13644,125,183
bag	6621,9623
settopbox	1099,7970
open	695,4128
health	1099,1135,16139,6205,15061,27014,1563,12956,10306,723,5144,2972,893,5291,27352,6757,23992,9056,62046,34890,39683,4486,4563,4555,3352,9623,2244,12326
library	1319,723,4486,9623
surface	1099,1135,1343,40154,6757
genetics	1099,17205,893
handheld	16139,4486,13644
networking	1064,1099,1092,9841,8526,17205,1130,2467,1148,28082,73467,25929,6112,1319,6205,2705,17545,17509,2785,660,7681,5077,2812,2879,1563,40154,6418,5144,2913,2972,893,5291,28576,1751,949,16644,6757,5428,23992,9056,5579,46823,62046,34890,39683,5758,4486,4563,4555,3264,9443,3352,38627,37398,12068,4714,3479,9623,4845,2267
evernote	2972,3352
powershell	16190,856,4555
uber	1034,1099,1135,660,40154,6434,893,5291,1751,6757,34890,4486,37398,9623
business	19885,1034,1099,8526,17205,1130,2467,1135,36468,384,73467,30485,1262,16139,13985,25929,6112,7485,6192,73509,1319,1323,1343,1383,531,6205,2705,17545,2785,658,660,695,7681,5069,5077,11483,2812,2879,1570,1563,12956,12953,10306,40154,723,6418,5101,5144,2977,2972,1653,893,7868,5291,28576,1751,60671,938,948,7970,23872,30937,1856,6757,5428,23992,9056,6850,5579,33382,34825,62046,4370,3037,34890,39683,26339,21637,37198,5758,4486,4495,26407,4563,4555,62254,3264,39849,9443,37296,3352,2015,38627,13307,37398,4714,44644,3479,9623,2244,2267,12314
yro	1034,1099,1092,11017,17205,28044,1135,8651,73467,2525,16190,1262,16139,25929,7445,7485,6192,73509,1319,73519,1323,1351,1343,1370,1383,509,6205,2705,17509,2785,658,660,695,7681,5077,2879,1563,12956,40154,5101,11666,5144,2972,1653,856,893,7868,5291,1751,60671,948,949,7970,30937,16644,1856,27352,6757,5428,4145,23992,1923,1958,9056,33382,62046,34890,4391,39683,26339,4486,4563,4555,62254,3264,32486,15913,4611,3352,40933,37398,12068,44644,3479,9623,4845,2244,2267
bittorrent	17205,7868
alwaysmoneyinthebananastand	12956,34825
macosx	1034,17205,2705,1751,46823,62254,3352,2267
galaxynote7	1099,17205,40154,2972,1751,4486
netflix	1034,17205,1130,25929,1319,1370,695,40154,723,7868,5291,6757,39683,4486,3352,37398,9623
playstation	1135,2972,1688,5291,6757,5960,9623,183
winning	1751,2267
tor	28044,53,1319,660,3264,37398
block	17205,695,37398
and	1563,26339
content	6757,9056
itunes	1751,6757
nsa	28044,2467,40154,5144,6757,33382,9623,2267
selfdrivingcar	1034,13985,660,5291,37398
patents	1099,1343,11568,1563,40154,6621,5428,23992,1931,39683,62254,3264,37398,9623
toy	1563,7868,28576,10756,37398
hp	40154,1751,39683,37198,62254,37398,9623
streaming	40154,6757,4486
election	1034,1064,1099,8526,1135,16139,25929,6112,1319,2705,6418,5144,2972,1653,6757,1923,9056,26339,3264,15913,39849,3352,37398,12068,9623
earth	19885,1099,24404,8526,17205,3725,1130,384,16139,25929,7485,6192,1323,1343,509,6205,17545,695,7681,5077,27014,2879,1563,10306,40154,723,6418,5144,2977,2972,893,5291,948,1856,27352,6757,4128,23992,9056,6850,33382,46823,39683,21637,4486,33768,4550,4555,3264,3270,9443,44644,4759,18322,9623,12314,12326
abbott	1099,25929
mongodb	33382,37398
fakenews	1034,5144,6757,37398
advertising	1064,1099,695,1563,40154,5144,2972,1751,4486,26407,3352,37398,9623,2267,13644
math	20301,38627,44644
egx2016	6757,9623
cloud	1099,17205,73467,30485,563,17545,695,40154,5144,7868,5291,1751,4086,27352,4486,32486,4714,9623
browsers	5291,4563
watch	40154,7868,28576,6757,37398
gui	7445,7681,1563,1856,34825,4486
html5	5291,4563
yapl	3888,893
elpresidente	1563,26339
gps	17205,3706,1130,40154,6757,3264,9623
policy	1099,695,5144
starwars	1099,1135,893,9623
energy	16139,25929,7681,2919,893,5291,948,20301,4486,4495,9623
curlyquotes	1135,4486,3352
google	30258,1034,1099,8526,17205,1130,2467,16139,13985,25929,6192,544,6205,17545,695,7681,5077,1563,40154,723,6418,5144,2972,7868,5291,1751,60671,30937,4086,1856,27352,6757,5428,23992,1923,9056,20301,21637,5758,4486,26407,5831,4563,4555,3264,32486,9443,4640,3352,4691,13307,37398,4714,9623,2267,12314
mining	28576,44644
chip	6192,893,39849
stillirrelevant	2972,4486
fake	5077,6757,3352
fire	4486,37398
wireless	1099,17205,1130,1135,16139,1319,1323,6205,2785,660,695,7681,5077,1563,40154,723,5144,2913,2972,11752,5291,7970,6757,9056,5579,5758,3264,3352,38627,37398,3438,9623,12314
fiber	5144,5291
appstore	1099,5077,5144,1751,9443,3352
drm	1099,2525,7868,5291,1751
wifi	1135,5175,9623,12314
appletv	5291,3352
smalltalk	1751,9623
dash	1099,5144
medicine	1034,1099,25929,7485,1343,15061,658,12862,27014,1563,12956,10306,40154,723,5144,2972,893,5291,27352,23992,9056,5579,62046,34890,39683,21637,4486,4563,4555,4611,3352,9623,2244,12314,12326
acl	28044,2705,5144,6757
cuba	7681,1563,5144,26339
college	1034,26339
esa	17205,1343,6205,5291
botnet	1064,1099,17205,8651,1323,2972,23992,4555,3264,9623
school	2972,5291
socialnetwork	1653,3352
renewableenergy	1099,28044,5144,39683
cbs	17205,3352,2244
billgates	948,6757
kids	1099,5291
donotwant	7445,5291,3352,13307
selfdrivingcars	13985,893,5291
nope	16139,938,4537
climate	1064,8526,25929,509,695,1563,948,9056,21637,4555
supercomputing	6850,4714,4759
oneplus	723,5101
fraud	1064,1099,1135,5144,6757,9056,4486,4555,3352,37398,9623
yahoo	1099,1135,40154,5144,28576,1751,6757,23992,9056,33382,4486,3264,38627,37398,9623
court	19885,1034,11115,1099,11017,17205,28044,1135,8651,73467,16190,16139,13985,25929,73509,28297,1383,2785,658,11568,695,7681,1563,40154,5144,2972,893,5291,1751,60671,7970,30937,1856,6757,23992,9056,46823,34890,4486,4563,4555,62254,3264,32486,37296,3352,40933,13307,37398,44644,3479,9623,2244
alphabet	6418,4486,5831,9443,9623
human	1099,948,6757,9056
emission	18681,37398
cancel	5144,4486,37296
arm	10306,2972
macbookpro	1034,1099,8526,5077,5101,5144,1751,949,4486,3352
nasa	17205,1135,6192,73519,1343,6205,695,7681,723,2972,23992,9056,46823,39683,33768,9443,18322,9623
matrix	23872,4486
shop	2972,9623
transportation	19885,1034,1099,24404,17205,3706,1130,1135,18681,13930,16139,13985,25929,7445,7485,73519,1323,1346,6205,2705,660,2879,1563,40154,723,6418,6434,5144,2972,1688,893,5291,1751,948,7970,29917,1856,6757,9056,46823,34890,39683,26339,4486,5831,4555,3264,3352,37398,18322,9623
mozilla	17205,2467,53,7449,17509,695,5144,2972,7868,60671,4486,9623
gmail	6757,1923,9056,4486
baghdadbob	695,4128
safebrowsingprogram	1653,2244
solar	7681,40154,2919,9056,9443
search	30258,1099,5428,23992,37398,9623
electricity	1099,28044,18681,5144,39683,37398
piracy	1034,11115,1099,1092,17205,73467,25929,1370,2879,1653,893,1751,16644,4145,23992,4391,4486,32486,44644,9623,2244
chromebook	8526,9623
globalwarming	1064,1099,8526,25929,1563,5144,948,9056,6850,39683
ubunt	1099,28044,15,7445,1351,1370,7681,1563,5101,5175,2972,893,5315,1856,34825,4486,3264,37398,18322
jeffbezos	28044,7485
brexit	7485,1323,1751,9623
finland	1099,5077,7868
gn	1099,563,1653,5336,33382,34890,4486,9623
australia	18681,73519,2972,1751,6850,4714,44644
desktop	30258,73467,5101,3352
amazon	1034,1099,8526,28049,2467,3807,1262,16139,25929,7445,1370,531,2785,6352,5077,1563,12956,40154,5144,2972,5291,30937,6757,23992,9056,34825,4370,21637,4486,4563,4555,3352,37398,4714,9623,2267
cancer	7485,723,4563
work	1099,17205,5291,1751,37398
malware	1099,28044,1319,40154,5144,2972,23992,3352
netbook	73509,563,2972,12138
mercedesbenz	13930,40154
security	19885,1064,11115,1099,9841,8526,11017,17205,3704,28044,2467,1135,8651,73467,53,6096,2510,1262,16139,25929,7445,7449,7485,6192,73509,1319,1323,1351,1383,509,563,2705,17509,2785,660,695,7681,5075,11483,2812,2879,1563,12956,10306,40154,723,5101,5144,2913,2972,11752,856,893,7868,5291,1751,60671,1856,6757,23992,1923,1958,9056,33382,46823,62046,3037,4391,39683,20301,21637,4486,4563,4555,62254,3264,32486,39849,37296,3321,3352,3397,38627,37398,12068,4779,9623,2244,2267,12314
coding	1034,1262,6418,1653,4486
ieee	5291,1751,6757
font	28049,1563,37398,12314
catalyst	25929,7681,5291
coldfusion	893,948
askslashdot	1068,1099,17205,2467,73509,1323,1383,563,7681,5077,1563,40154,5144,2972,1653,893,7868,5291,28576,1751,938,27352,6757,4128,9056,10756,39683,26339,70577,33762,4555,3264,2015,37398,12138,151
eff	1099,2879,40154,2972,948,3352,9623
printer	40154,5291,39683,62254,37398
electriccar	1099,39683
soylentgreen	1099,2972,948,34890
redhat	1099,16139,695,40154,1931
dna	1099,10756
mit	40154,2972
future	1034,1099,11363,40154,4486
education	1034,17205,3725,2467,1135,36468,2510,6205,27014,40154,5101,5144,2972,893,7868,5291,1751,948,29917,1856,6757,9056,10756,26339,20301,4486,4563,13307,37398,9623
monitor	12956,5144,9623
privacy	1034,1099,9841,8526,11017,17205,3704,28044,1135,8651,73467,16190,1262,16139,25929,7445,7485,6192,73509,1319,1351,1383,509,563,2705,17509,2785,660,695,5077,11483,2879,1563,10306,40154,5101,5144,2972,11752,856,893,7868,5291,1751,60671,948,1856,6757,23992,1923,9056,10756,33382,62046,21637,4486,26407,4563,4555,62254,3264,39849,37296,4611,3321,3352,37398,12068,9623,2244,2267
explosion	4486,37398
adoption	6192,4486,12314
us	1099,73495,9623
snowden	1034,3352
ibm	16139,695,5077,7868,5291,973,9056,4563,3352,9623
devices	1099,8526,17205,1130,1135,73467,16139,13985,25929,6192,1319,1343,1383,6205,2705,695,2879,1563,40154,723,5144,2972,5291,1751,7970,27352,6757,23992,9056,6850,5579,39683,4486,26407,4537,4563,62254,3264,3352,37398,4714,44644,9623,2244,2267
safari	1034,5291,1751
java	1099,1323,3037,9443,3352
pc	6192,893
attack	1099,7868
debian	1099,28044,6205
csharp	5075,9623
hardware	1034,1099,24404,8526,17205,3725,1130,28044,1135,384,73467,73495,1262,16139,13985,25929,7445,7485,6192,73509,1319,1323,1351,1343,1370,1383,24781,563,6205,17567,2705,2785,627,660,695,7681,6352,5077,11483,2879,1563,12956,10306,40154,723,6418,5101,6434,5144,5175,2919,2977,2972,856,893,7868,5291,40227,28576,1751,948,949,6621,7970,1856,6757,23992,9056,6850,5579,33382,46823,4370,34890,39683,26339,20301,21637,37198,4486,70577,4537,4550,4563,4555,62254,3264,4599,39849,37296,5960,3352,2015,13307,37398,4714,44644,3438,9623,12138,2244,2267,12314
free	1099,37398,9623
intel	1099,17205,7445,6192,695,5144,893,1751,6621,39683,37198,4486,9623
xwindows	7445,7681,4486
hdd	7485,695,40154,5144,856,4714
tesla	1034,1099,16139,6112,40154,6418,2972,1688,893,5291,1751,948,46823,39683,4486,4495,3264,9623
people	1034,17205,13930,5077,40154,893,4486
hololens	6192,4486,12314
