202,83,95,451,306,135,408,327,434,147,437,103,330,422,497,311,223,19,440,484
449,333,279,67,427,211,469,361,274,104,155,481,233,12,462,31,214,216,474,41
124,244,375,366,225,48,495,312,377,70,417,307,304,301,437,453,302,456,209,136
295,325,95,475,33,297,166,384,258,187,431,491,497,427,442,294,153,290,452,448
308,233,313,387,182,152,408,189,343,221,444,99,405,294,325,95,164,302,59,163
360,223,382,277,267,37,138,209,205,452,257,377,371,222,217,490,3,110,336,22
120,467,82,46,354,52,474,469,86,419,162,181,53,71,60,226,6,54,137,161
470,369,168,401,425,287,399,57,71,404,473,469,419,230,334,200,451,30,324,453
301,228,14,171,465,122,86,448,368,420,176,33,265,127,458,427,481,231,24,276
445,331,182,337,113,403,221,296,496,106,472,284,472,219,455,232,238,404,104,147
344,191,8,296,465,202,55,421,201,316,63,179,257,162,84,393,451,50,282,472
489,190,117,430,72,385,391,25,124,216,202,224,407,443,455,375,9,482,264,486
259,118,109,281,387,105,358,318,354,449,20,490,385,126,63,336,180,296,73,231
415,70,451,356,378,452,218,139,427,493,380,278,323,113,255,414,391,119,454,4
292,159,411,101,450,477,236,38,465,455,182,232,166,487,69,116,363,98,225,263
72,221,131,371,498,22,415,79,53,428,112,450,394,101,89,134,301,211,63,270
372,244,245,321,247,260,32,444,116,440,234,486,204,203,275,298,226,195,416,113
399,469,148,153,436,242,200,65,440,67,285,82,330,95,335,255,444,336,131,375
157,53,414,443,123,320,421,186,465,80,241,145,354,232,416,272,64,246,19,498
275,55,80,363,372,282,356,366,130,188,420,29,495,209,67,485,340,249,181,167
478,190,86,143,205,400,84,258,380,239,10,464,19,297,3,374,227,280,466,445
108,66,204,10,161,265,249,403,2,366,95,340,360,322,184,368,22,323,488,110
395,6,414,317,349,333,462,187,112,187,345,466,55,364,488,493,182,351,99,207
230,419,362,118,457,469,446,8,370,410,218,18,385,423,174,273,432,307,235,338
248,284,384,288,329,235,203,389,423,82,479,274,467,135,38,126,169,178,337,121
278,184,120,217,207,336,387,4,140,223,308,391,101,133,150,172,96,304,498,439
127,373,210,465,207,133,58,215,269,87,461,277,496,246,176,381,37,60,96,292
16,96,317,289,149,13,253,208,57,206,375,198,154,412,469,106,242,201,239,393
175,137,19,124,367,268,27,266,350,416,61,446,414,398,41,44,464,240,453,491
115,265,22,69,335,313,359,330,244,410,442,326,138,171,20,3,401,467,114,96
472,102,273,269,180,454,253,281,413,197,378,375,248,194,15,331,339,39,461,13
86,230,96,5,203,161,242,109,151,18,40,24,428,462,193,470,371,278,266,16
231,161,206,449,141,406,137,322,495,160,294,348,128,331,178,290,78,10,253,6
484,351,472,109,57,474,440,108,270,210,38,430,179,313,153,315,214,249,287,482
16,494,98,213,239,97,356,421,26,181,199,327,33,80,279,496,459,370,267,479
316,342,496,11,357,97,263,351,106,202,176,90,368,447,283,158,177,150,303,420
410,147,267,149,444,173,356,146,175,440,387,151,413,261,397,430,332,349,92,215
359,354,373,382,221,16,194,313,132,269,281,227,163,159,480,237,161,108,46,300
185,114,441,54,277,202,29,385,190,287,135,84,80,429,415,473,222,470,72,370
190,9,363,76,17,262,332,457,282,235,276,393,421,392,98,456,334,119,171,7
484,258,101,161,375,81,174,49,445,78,134,485,278,33,92,457,177,279,113,404
24,247,342,416,245,11,473,306,286,204,26,438,38,184,186,490,202,166,150,420
349,103,83,87,253,171,412,325,267,217,27,86,341,478,186,120,292,29,374,89
22,430,124,206,294,302,58,403,282,212,336,300,134,473,4,37,85,108,299,388
85,324,198,89,219,431,53,365,339,30,162,354,78,273,201,103,465,252,411,461
345,157,420,448,498,245,284,29,96,104,380,380,242,422,352,26,404,94,296,99
265,138,298,431,144,200,17,482,21,72,84,398,328,132,255,182,413,340,282,7
174,446,50,292,74,382,395,327,155,86,130,91,268,30,81,187,291,377,100,210
180,315,489,20,282,24,165,220,345,265,379,31,346,312,252,188,275,483,208,15
220,441,163,210,200,240,7,426,83,96,476,444,356,299,334,95,82,242,284,23
