437,103,330,422,497,311,223,19,440,484
155,481,233,12,462,31,214,216,474,41
417,307,304,301,437,453,302,456,209,136
431,491,497,427,442,294,153,290,452,448
444,99,405,294,325,95,164,302,59,163
257,377,371,222,217,490,3,110,336,22
162,181,53,71,60,226,6,54,137,161
473,469,419,230,334,200,451,30,324,453
176,33,265,127,458,427,481,231,24,276
472,284,472,219,455,232,238,404,104,147
63,179,257,162,84,393,451,50,282,472
202,224,407,443,455,375,9,482,264,486
20,490,385,126,63,336,180,296,73,231
380,278,323,113,255,414,391,119,454,4
182,232,166,487,69,116,363,98,225,263
112,450,394,101,89,134,301,211,63,270
234,486,204,203,275,298,226,195,416,113
285,82,330,95,335,255,444,336,131,375
241,145,354,232,416,272,64,246,19,498
420,29,495,209,67,485,340,249,181,167
10,464,19,297,3,374,227,280,466,445
95,340,360,322,184,368,22,323,488,110
345,466,55,364,488,493,182,351,99,207
218,18,385,423,174,273,432,307,235,338
479,274,467,135,38,126,169,178,337,121
308,391,101,133,150,172,96,304,498,439
461,277,496,246,176,381,37,60,96,292
375,198,154,412,469,106,242,201,239,393
61,446,414,398,41,44,464,240,453,491
442,326,138,171,20,3,401,467,114,96
378,375,248,194,15,331,339,39,461,13
40,24,428,462,193,470,371,278,266,16
294,348,128,331,178,290,78,10,253,6
38,430,179,313,153,315,214,249,287,482
199,327,33,80,279,496,459,370,267,479
176,90,368,447,283,158,177,150,303,420
387,151,413,261,397,430,332,349,92,215
281,227,163,159,480,237,161,108,46,300
135,84,80,429,415,473,222,470,72,370
276,393,421,392,98,456,334,119,171,7
134,485,278,33,92,457,177,279,113,404
26,438,38,184,186,490,202,166,150,420
27,86,341,478,186,120,292,29,374,89
336,300,134,473,4,37,85,108,299,388
162,354,78,273,201,103,465,252,411,461
380,380,242,422,352,26,404,94,296,99
84,398,328,132,255,182,413,340,282,7
130,91,268,30,81,187,291,377,100,210
379,31,346,312,252,188,275,483,208,15
476,444,356,299,334,95,82,242,284,23
